0 0.027795 0.576781 0.046990 0.057740
0 0.130068 0.575553 0.041462 0.065111
0 0.209767 0.625307 0.035012 0.071253
0 0.296837 0.560811 0.041462 0.082310
0 0.326321 0.607494 0.026720 0.060197
0 0.182586 0.885749 0.030405 0.056511
0 0.260442 0.856265 0.033170 0.073710
0 0.513360 0.871007 0.056204 0.066339
0 0.705467 0.920762 0.040541 0.084767
0 0.533170 0.546683 0.031327 0.063882
0 0.657555 0.562039 0.044226 0.092138
0 0.721591 0.549140 0.028563 0.073710
0 0.878686 0.590909 0.057125 0.100737
0 0.662162 0.357494 0.020270 0.063882
0 0.827088 0.374079 0.036855 0.104423
0 0.908170 0.300983 0.025799 0.071253
0 0.968059 0.285627 0.020270 0.042998
0 0.434582 0.369779 0.031327 0.066339
0 0.025031 0.361179 0.034091 0.051597
0 0.017660 0.437346 0.026720 0.044226
0 0.018581 0.242629 0.035934 0.070025
0 0.144349 0.242629 0.029484 0.060197
0 0.236026 0.213759 0.023034 0.054054
0 0.347052 0.244472 0.033170 0.056511
0 0.403716 0.225430 0.035934 0.070025
0 0.567260 0.195332 0.020270 0.066339
0 0.607801 0.156020 0.033170 0.049140
0 0.756603 0.101351 0.019349 0.077396
0 0.801751 0.104423 0.024877 0.073710
0 0.901259 0.158477 0.019349 0.044226
0 0.980037 0.044226 0.036855 0.054054
0 0.671376 0.035627 0.031327 0.068796
0 0.305590 0.056511 0.044226 0.090909
0 0.489404 0.017199 0.028563 0.034398
0 0.140663 0.034398 0.035012 0.068796
0 0.045762 0.036241 0.029484 0.070025
0 0.011824 0.046069 0.023648 0.070025