0 0.150338 0.570025 0.050676 0.076167
0 0.230498 0.600737 0.021192 0.046683
0 0.319871 0.597666 0.017506 0.042998
0 0.548372 0.570639 0.011978 0.040541
0 0.669994 0.567568 0.026720 0.078624
0 0.720670 0.544226 0.052518 0.063882
0 0.884674 0.601351 0.019349 0.057740
0 0.816493 0.393735 0.041462 0.057740
0 0.904945 0.353194 0.034091 0.060197
0 0.798986 0.128378 0.030405 0.055283
0 0.752918 0.119165 0.034091 0.068796
0 0.787009 0.031941 0.024877 0.054054
0 0.504146 0.026413 0.026720 0.040541
0 0.319871 0.095823 0.015663 0.034398
0 0.252611 0.235872 0.026720 0.039312
0 0.148034 0.259214 0.029484 0.061425
0 0.074785 0.043612 0.037776 0.062654
0 0.025952 0.073710 0.030405 0.054054
0 0.040694 0.349509 0.030405 0.052826
0 0.059582 0.607494 0.031327 0.038084
0 0.205160 0.891278 0.025799 0.052826
0 0.528563 0.893735 0.023956 0.033170
0 0.722052 0.941646 0.055283 0.070025
0 0.427211 0.356880 0.020270 0.045455
0 0.986026 0.055283 0.024877 0.051597