0 0.201014 0.732187 0.035934 0.085995
0 0.134214 0.737715 0.046069 0.079853
0 0.033323 0.512899 0.054361 0.057740
0 0.037469 0.425676 0.060811 0.079853
0 0.189036 0.191032 0.043305 0.074939
0 0.265971 0.107494 0.047912 0.077396
0 0.352580 0.119165 0.044226 0.085995
0 0.430897 0.200246 0.047912 0.085995
0 0.493550 0.063882 0.053440 0.098280
0 0.552979 0.267813 0.048833 0.115479
0 0.730344 0.106880 0.020270 0.058968
0 0.760749 0.120393 0.035012 0.081081
0 0.863483 0.153563 0.039619 0.095823
0 0.710534 0.542383 0.046990 0.092138
0 0.621161 0.521499 0.021192 0.055283
0 0.771345 0.723587 0.037776 0.073710
0 0.816032 0.823096 0.042383 0.056511
0 0.968059 0.828624 0.047912 0.079853
0 0.975891 0.702088 0.032248 0.060197
0 0.782862 0.525184 0.055283 0.060197
0 0.816953 0.437346 0.040541 0.071253
0 0.916001 0.333538 0.037776 0.082310
0 0.988636 0.423219 0.022727 0.074939
0 0.101966 0.014742 0.040541 0.022113
0 0.074785 0.156634 0.052518 0.060197
0 0.009521 0.159705 0.019042 0.041769
0 0.666769 0.019656 0.040541 0.031941
0 0.843673 0.046683 0.046069 0.073710