0 0.058282 0.057657 0.026074 0.054192
0 0.014954 0.324017 0.023773 0.055215
0 0.053681 0.286185 0.052147 0.040900
0 0.056365 0.376676 0.059049 0.066462
0 0.053298 0.457964 0.036043 0.057260
0 0.077071 0.602136 0.039110 0.034765
0 0.052914 0.890479 0.053681 0.053170
0 0.205138 0.613895 0.052914 0.088957
0 0.291028 0.263179 0.051380 0.068507
0 0.098926 0.167064 0.030675 0.060327
0 0.134586 0.194672 0.020706 0.050102
0 0.302914 0.047432 0.016871 0.041922
0 0.379985 0.182402 0.032975 0.062372
0 0.357745 0.544365 0.045245 0.068507
0 0.392255 0.569416 0.040644 0.079755
0 0.552147 0.762668 0.053681 0.073620
0 0.694785 0.730459 0.036810 0.029652
0 0.971242 0.812770 0.036043 0.055215
0 0.863113 0.801011 0.031442 0.046012
0 0.858129 0.653772 0.046012 0.046012
0 0.958972 0.630254 0.046779 0.027607
0 0.536426 0.441093 0.031442 0.054192
0 0.619632 0.369007 0.041411 0.055215
0 0.940951 0.446717 0.046012 0.042945
0 0.847776 0.324529 0.037577 0.062372
0 0.903758 0.279539 0.025307 0.062372
0 0.853528 0.254999 0.038344 0.048057
0 0.703604 0.268803 0.034509 0.071575
0 0.723926 0.158884 0.039877 0.066462
0 0.615798 0.035674 0.029141 0.057260
0 0.861580 0.074017 0.028374 0.031697
0 0.788344 0.466144 0.030675 0.034765
0 0.008052 0.101625 0.016104 0.033742