0 0.184429 0.896806 0.026720 0.056511
0 0.268274 0.869165 0.032248 0.040541
0 0.048065 0.571867 0.030405 0.042998
0 0.139281 0.557740 0.056204 0.083538
0 0.208845 0.594595 0.033170 0.049140
0 0.513821 0.885749 0.033170 0.046683
0 0.710534 0.914005 0.043305 0.068796
0 0.669533 0.572482 0.029484 0.058968
0 0.732187 0.542383 0.035012 0.050369
0 0.879146 0.581695 0.028563 0.072482
0 0.819717 0.376536 0.020270 0.065111
0 0.899877 0.324939 0.018428 0.062654
0 0.800829 0.105037 0.024877 0.079853
0 0.774570 0.022727 0.033170 0.045454
0 0.743704 0.121007 0.035934 0.079853
0 0.984490 0.046683 0.031020 0.054054
0 0.494932 0.027027 0.032248 0.054054
0 0.543305 0.558354 0.014742 0.045455
0 0.441953 0.385135 0.023956 0.052826
0 0.148034 0.255528 0.023956 0.044226
0 0.247543 0.233415 0.023956 0.046683
0 0.017660 0.063268 0.026720 0.072482
0 0.057279 0.038084 0.032248 0.056511
0 0.029638 0.333538 0.021192 0.060197
0 0.030559 0.267813 0.015663 0.029484
0 0.335534 0.630835 0.024877 0.038084
0 0.310657 0.579238 0.028563 0.033170
0 0.968520 0.923833 0.017506 0.034398