0 0.011887 0.968246 0.023773 0.063508
0 0.041794 0.894058 0.046779 0.062372
0 0.020706 0.761645 0.041411 0.053170
0 0.060199 0.583220 0.049847 0.058282
0 0.067485 0.434447 0.041411 0.075665
0 0.055982 0.369007 0.064417 0.069530
0 0.014954 0.310725 0.028374 0.055215
0 0.034893 0.261645 0.066718 0.057260
0 0.088190 0.167064 0.046012 0.052147
0 0.006902 0.084753 0.013804 0.042945
0 0.053681 0.036696 0.041411 0.061350
0 0.103528 0.022438 0.041411 0.044876
0 0.127301 0.164508 0.030675 0.055215
0 0.197469 0.991252 0.029908 0.017496
0 0.234663 0.846001 0.030675 0.050102
0 0.338574 0.782095 0.042178 0.069530
0 0.342791 0.735060 0.044479 0.038855
0 0.220859 0.613383 0.049080 0.094070
0 0.390337 0.578618 0.044479 0.069530
0 0.389187 0.528516 0.055982 0.063395
0 0.378834 0.422177 0.039877 0.079755
0 0.267255 0.423199 0.032975 0.044990
0 0.366564 0.339355 0.039877 0.092025
0 0.282592 0.252443 0.054448 0.077710
0 0.328221 0.246308 0.035276 0.085890
0 0.380368 0.167064 0.038344 0.109407
0 0.296779 0.092933 0.055215 0.130879
0 0.301764 0.020393 0.028374 0.040786
0 0.627301 0.878721 0.036810 0.050102
0 0.536810 0.885367 0.036810 0.057260
0 0.505368 0.721257 0.036810 0.050102
0 0.567868 0.790786 0.055982 0.068507
0 0.718175 0.708987 0.045245 0.054192
0 0.623083 0.577085 0.059049 0.064417
0 0.632285 0.589866 0.039110 0.059305
0 0.542178 0.420132 0.041411 0.081800
0 0.617715 0.352136 0.042178 0.056237
0 0.667945 0.383833 0.029141 0.076687
0 0.665261 0.267780 0.034509 0.085890
0 0.506518 0.179334 0.031442 0.088957
0 0.521089 0.145081 0.032975 0.077710
0 0.569018 0.055101 0.047546 0.065440
0 0.564417 0.015224 0.039877 0.026585
0 0.621549 0.026528 0.028374 0.053056
0 0.616181 0.101113 0.034509 0.063395
0 0.657592 0.142013 0.029908 0.110429
0 0.733512 0.146614 0.048313 0.070552
0 0.872316 0.816349 0.057515 0.048057
0 0.981979 0.797432 0.036042 0.055215
0 0.988880 0.746819 0.022239 0.048057
0 0.874617 0.760111 0.054448 0.033742
0 0.863497 0.649171 0.042945 0.063395
0 0.980061 0.635878 0.039877 0.053170
0 0.979294 0.517269 0.041411 0.047035
0 0.814034 0.543342 0.043712 0.039877
0 0.812500 0.432913 0.046779 0.046012
0 0.949387 0.425244 0.053681 0.057260
0 0.833206 0.289252 0.048313 0.092025
0 0.851610 0.228414 0.037577 0.060327
0 0.916794 0.272381 0.042178 0.064417
0 0.932132 0.217678 0.032975 0.059305
0 0.818635 0.169109 0.040644 0.078732
0 0.980828 0.045899 0.026074 0.079755
0 0.782209 0.030107 0.027607 0.060214
0 0.859279 0.048966 0.034509 0.067485
0 0.878834 0.029596 0.038344 0.059191