0 0.098741 0.252457 0.026720 0.062654
0 0.443796 0.404791 0.031327 0.060197
0 0.580160 0.622236 0.040541 0.072482
0 0.362254 0.904791 0.026720 0.057740
0 0.571407 0.933047 0.021192 0.057740
0 0.975737 0.639435 0.048526 0.101966
0 0.210227 0.398649 0.056204 0.070025
0 0.394502 0.209459 0.059889 0.094595
0 0.279791 0.238329 0.060811 0.103194
0 0.139281 0.084767 0.052518 0.056511
0 0.199171 0.118550 0.023034 0.052826
0 0.398649 0.083538 0.058968 0.083538
0 0.842291 0.413391 0.046990 0.082310
0 0.920147 0.929975 0.068182 0.085995