0 0.016104 0.964156 0.032208 0.071688
0 0.046012 0.889968 0.056748 0.060327
0 0.015721 0.767269 0.031442 0.056237
0 0.059816 0.583731 0.050613 0.053170
0 0.226994 0.851625 0.032209 0.047035
0 0.209739 0.614917 0.049847 0.086912
0 0.060199 0.435469 0.040644 0.083845
0 0.047929 0.366451 0.059049 0.072597
0 0.010353 0.307146 0.019172 0.056237
0 0.036043 0.253976 0.069018 0.068507
0 0.045245 0.035674 0.038344 0.065440
0 0.005368 0.084753 0.010736 0.032720
0 0.083972 0.165019 0.048313 0.060327
0 0.115414 0.163486 0.037577 0.057260
0 0.097009 0.022438 0.039110 0.044876
0 0.261887 0.426778 0.032975 0.052147
0 0.281442 0.251931 0.055215 0.066462
0 0.293328 0.096001 0.042178 0.143149
0 0.298696 0.026983 0.031442 0.052147
0 0.379985 0.167576 0.037577 0.106339
0 0.328604 0.246308 0.037577 0.094070
0 0.363880 0.338332 0.048313 0.079755
0 0.375000 0.425756 0.044479 0.082822
0 0.383819 0.554590 0.045245 0.127812
0 0.343558 0.736594 0.046012 0.041922
0 0.329755 0.800500 0.044479 0.055215
0 0.532209 0.901216 0.035276 0.043967
0 0.626150 0.885367 0.039110 0.047035
0 0.565567 0.779539 0.060583 0.068507
0 0.500767 0.707453 0.041411 0.038855
0 0.615031 0.567882 0.053681 0.070552
0 0.621933 0.588843 0.032209 0.057260
0 0.707439 0.710009 0.055982 0.048057
0 0.536810 0.419621 0.044479 0.068507
0 0.621933 0.358782 0.044479 0.055215
0 0.509202 0.191604 0.033742 0.072597
0 0.516104 0.139968 0.032209 0.075665
0 0.554448 0.055612 0.053681 0.070552
0 0.562500 0.019314 0.037577 0.036810
0 0.616948 0.026528 0.039110 0.053056
0 0.615414 0.097023 0.039110 0.063395
0 0.654141 0.137923 0.035276 0.102249
0 0.664877 0.268803 0.038344 0.092025
0 0.668712 0.388434 0.030675 0.073620
0 0.872699 0.813792 0.062883 0.053170
0 0.977761 0.793854 0.044478 0.058282
0 0.866181 0.748864 0.045245 0.039877
0 0.987347 0.753976 0.025306 0.050102
0 0.858896 0.648659 0.049080 0.068507
0 0.980061 0.636901 0.039877 0.063395
0 0.819018 0.539252 0.041411 0.048057
0 0.808282 0.442627 0.052147 0.055215
0 0.947086 0.429845 0.050613 0.054192
0 0.835890 0.299477 0.049080 0.071575
0 0.919862 0.274426 0.045245 0.062372
0 0.928298 0.216655 0.031442 0.065440
0 0.849310 0.230970 0.037577 0.057260
0 0.809049 0.164508 0.036810 0.069530
0 0.731595 0.143036 0.049080 0.067485
0 0.774540 0.025449 0.026074 0.047035
0 0.852761 0.035162 0.029141 0.062372
0 0.883052 0.032095 0.034509 0.062372
0 0.985046 0.045387 0.028374 0.066462
0 0.960890 0.534140 0.035276 0.046012