0 0.090909 0.749386 0.038698 0.100737
0 0.137439 0.718673 0.045147 0.093366
0 0.211609 0.745700 0.047912 0.095823
0 0.037930 0.511057 0.054361 0.081081
0 0.063268 0.420147 0.042383 0.083538
0 0.026413 0.367936 0.027641 0.065111
0 0.004453 0.166462 0.008906 0.033170
0 0.075706 0.135135 0.043305 0.073710
0 0.125921 0.152334 0.027641 0.073710
0 0.186732 0.190418 0.036855 0.056511
0 0.101966 0.020270 0.038698 0.033170
0 0.242936 0.082310 0.044226 0.098280
0 0.306050 0.028870 0.048833 0.057740
0 0.367322 0.105651 0.042383 0.068796
0 0.440111 0.199017 0.062654 0.083538
0 0.197328 0.511057 0.039619 0.100737
0 0.284859 0.455774 0.054361 0.100737
0 0.393581 0.679361 0.054361 0.098280
0 0.441953 0.804668 0.033170 0.054054
0 0.970823 0.828010 0.040541 0.078624
0 0.976658 0.705160 0.046683 0.083538
0 0.784244 0.713145 0.050676 0.060197
0 0.825706 0.800983 0.065418 0.085995
0 0.612869 0.505528 0.026720 0.060197
0 0.705467 0.560811 0.058968 0.124079
0 0.781480 0.514128 0.045147 0.072482
0 0.807279 0.437346 0.046990 0.085995
0 0.930283 0.315111 0.042383 0.104423
0 0.796222 0.215602 0.024877 0.057740
0 0.863943 0.149263 0.060811 0.087224
0 0.769963 0.103194 0.031327 0.073710
0 0.730805 0.099509 0.024877 0.085995
0 0.616093 0.080467 0.036855 0.099509
0 0.463145 0.286855 0.025799 0.067568
0 0.528102 0.201474 0.072789 0.127764
0 0.488943 0.071253 0.090295 0.115479
0 0.891124 0.569410 0.017506 0.055283
0 0.699939 0.334152 0.031327 0.056511