0 0.016104 0.956487 0.032208 0.087026
0 0.042178 0.886901 0.055215 0.068507
0 0.016871 0.750909 0.033742 0.054192
0 0.227761 0.841400 0.030675 0.042945
0 0.375767 0.980516 0.046012 0.038968
0 0.195552 0.986140 0.032209 0.027720
0 0.334356 0.775960 0.038344 0.077710
0 0.219325 0.608782 0.042945 0.088957
0 0.062500 0.577596 0.057515 0.059305
0 0.060966 0.426778 0.040644 0.076687
0 0.053298 0.361338 0.062117 0.070552
0 0.011887 0.301011 0.022239 0.058282
0 0.035276 0.252954 0.064417 0.068507
0 0.087423 0.153772 0.046012 0.060327
0 0.007669 0.079641 0.015337 0.038855
0 0.042561 0.033686 0.043712 0.067371
0 0.106212 0.014258 0.045245 0.028516
0 0.300613 0.022438 0.024540 0.044876
0 0.296012 0.094467 0.041411 0.115542
0 0.283359 0.245285 0.049847 0.071575
0 0.379601 0.157862 0.039877 0.103272
0 0.330138 0.233015 0.031442 0.085890
0 0.364647 0.324017 0.039110 0.077710
0 0.264571 0.430868 0.030675 0.058282
0 0.373083 0.415019 0.046779 0.081800
0 0.389954 0.576062 0.040644 0.066462
0 0.390337 0.525960 0.049080 0.078732
0 0.340874 0.725858 0.040644 0.040900
0 0.529908 0.874631 0.044479 0.058282
0 0.628834 0.869007 0.036810 0.053170
0 0.566718 0.771359 0.052147 0.072597
0 0.510353 0.705408 0.046779 0.047035
0 0.709739 0.700807 0.055982 0.052147
0 0.610046 0.560725 0.043712 0.062372
0 0.634586 0.574529 0.042178 0.057260
0 0.538344 0.411952 0.042945 0.079755
0 0.619632 0.352647 0.039877 0.063395
0 0.665644 0.380254 0.036810 0.079755
0 0.667561 0.252443 0.037577 0.087935
0 0.653758 0.130254 0.028374 0.095092
0 0.616564 0.090377 0.030675 0.070552
0 0.616564 0.021927 0.035276 0.043854
0 0.504218 0.181890 0.034509 0.069530
0 0.513804 0.120541 0.033742 0.069530
0 0.565567 0.047432 0.045245 0.060327
0 0.557899 0.014713 0.045245 0.027607
0 0.116948 0.156839 0.029908 0.060327
0 0.875767 0.807146 0.061350 0.052147
0 0.978528 0.786696 0.042944 0.066462
0 0.985429 0.740684 0.029141 0.048057
0 0.872316 0.744263 0.051380 0.040900
0 0.862347 0.640479 0.052914 0.054192
0 0.983896 0.613895 0.032208 0.052147
0 0.970475 0.517780 0.042178 0.046012
0 0.813267 0.531072 0.036043 0.041922
0 0.809816 0.420643 0.038344 0.046012
0 0.951687 0.413997 0.050613 0.051125
0 0.915644 0.251420 0.039877 0.069530
0 0.928681 0.184958 0.032209 0.065440
0 0.832822 0.266246 0.042945 0.105317
0 0.852761 0.213077 0.039877 0.060327
0 0.733129 0.137412 0.046012 0.070552
0 0.819018 0.154794 0.033742 0.074642
0 0.882285 0.020904 0.031442 0.041808
0 0.858129 0.028062 0.032209 0.056124
0 0.783742 0.018859 0.033742 0.037718