0 0.011887 0.963133 0.023773 0.073733
0 0.193252 0.989718 0.035276 0.020564
0 0.042945 0.894569 0.053681 0.063395
0 0.020322 0.766246 0.040644 0.062372
0 0.060966 0.584242 0.049847 0.070552
0 0.060199 0.434447 0.045245 0.089980
0 0.052531 0.365428 0.068252 0.070552
0 0.011120 0.306124 0.020706 0.048057
0 0.033359 0.262156 0.066718 0.062372
0 0.085123 0.164508 0.041411 0.053170
0 0.126917 0.164508 0.032975 0.055215
0 0.047929 0.034708 0.043712 0.069416
0 0.101610 0.020904 0.040644 0.041808
0 0.299463 0.092933 0.040644 0.130879
0 0.302147 0.020336 0.024540 0.036810
0 0.281442 0.246819 0.052147 0.076687
0 0.325537 0.248864 0.031442 0.097137
0 0.383436 0.163997 0.036810 0.107362
0 0.361196 0.339866 0.032209 0.082822
0 0.375000 0.420643 0.035276 0.074642
0 0.221626 0.606226 0.046012 0.075665
0 0.387270 0.575040 0.038344 0.070552
0 0.392638 0.526471 0.039877 0.075665
0 0.343942 0.739661 0.046779 0.033742
0 0.226610 0.838843 0.031442 0.041922
0 0.335506 0.784140 0.042178 0.075665
0 0.536043 0.882811 0.033742 0.050102
0 0.624617 0.884344 0.039110 0.038855
0 0.565184 0.791809 0.055215 0.068507
0 0.504218 0.725347 0.043712 0.050102
0 0.712807 0.705919 0.066718 0.052147
0 0.622699 0.572995 0.061350 0.056237
0 0.627684 0.601625 0.036043 0.068507
0 0.544862 0.418598 0.042178 0.074642
0 0.621166 0.352136 0.047546 0.054192
0 0.671012 0.382811 0.035276 0.076687
0 0.666411 0.264713 0.032209 0.092025
0 0.506135 0.176267 0.027607 0.093047
0 0.522239 0.141502 0.030675 0.078732
0 0.571319 0.053567 0.038344 0.064417
0 0.564034 0.015224 0.037577 0.026585
0 0.618098 0.026017 0.029141 0.052034
0 0.619632 0.101625 0.030675 0.068507
0 0.656825 0.140479 0.026840 0.103272
0 0.871549 0.814304 0.059049 0.050102
0 0.869248 0.758578 0.049847 0.032720
0 0.982362 0.797432 0.035276 0.055215
0 0.991564 0.748864 0.016871 0.043967
0 0.983512 0.642013 0.032975 0.036810
0 0.859663 0.649171 0.039877 0.057260
0 0.812883 0.545899 0.038344 0.044990
0 0.979294 0.520848 0.041411 0.048057
0 0.952454 0.422688 0.047546 0.052147
0 0.807515 0.437514 0.052147 0.055215
0 0.828604 0.295899 0.043712 0.076687
0 0.916794 0.274426 0.045245 0.066462
0 0.929448 0.221257 0.042945 0.066462
0 0.850460 0.234038 0.046012 0.067485
0 0.818252 0.171154 0.042945 0.076687
0 0.732745 0.151216 0.049847 0.081800
0 0.864264 0.037776 0.033742 0.075551
0 0.883436 0.035162 0.027607 0.066462
0 0.979678 0.051522 0.028374 0.082822
0 0.782592 0.026528 0.028374 0.053056
0 0.266488 0.426267 0.026840 0.051125