0 0.039773 0.515971 0.059889 0.083538
0 0.059122 0.404177 0.041462 0.088452
0 0.100584 0.753071 0.046990 0.081081
0 0.140663 0.722359 0.047912 0.110565
0 0.205160 0.748771 0.038698 0.097052
0 0.197789 0.526413 0.055283 0.121622
0 0.291769 0.464373 0.051597 0.088452
0 0.074324 0.144349 0.060811 0.070025
0 0.195025 0.194103 0.036855 0.076167
0 0.250768 0.099509 0.052518 0.093366
0 0.297297 0.033170 0.049754 0.036855
0 0.358108 0.122850 0.042383 0.095823
0 0.433200 0.184275 0.056204 0.071253
0 0.519349 0.200860 0.046069 0.087224
0 0.500461 0.068182 0.061732 0.099509
0 0.612408 0.093980 0.057125 0.104423
0 0.737715 0.091523 0.020270 0.065111
0 0.770424 0.108722 0.026720 0.079853
0 0.864404 0.143735 0.059889 0.103194
0 0.922912 0.322482 0.062654 0.094595
0 0.809122 0.442875 0.056204 0.070025
0 0.783784 0.508600 0.057125 0.083538
0 0.706388 0.568182 0.062654 0.104423
0 0.617936 0.497543 0.023956 0.063882
0 0.783323 0.726044 0.041462 0.049140
0 0.821560 0.810197 0.077396 0.074939
0 0.974969 0.819410 0.043305 0.088452
0 0.970823 0.703317 0.051597 0.074939
0 0.009521 0.159091 0.019042 0.038084
0 0.798065 0.210688 0.037776 0.050369
0 0.102426 0.013514 0.056204 0.027027