0 0.015971 0.179975 0.031941 0.050369
0 0.031941 0.509214 0.055283 0.074939
0 0.056357 0.432432 0.041462 0.071253
0 0.202856 0.504300 0.048833 0.094595
0 0.290387 0.455160 0.061732 0.109337
0 0.137439 0.723587 0.043305 0.095823
0 0.201014 0.744472 0.035934 0.105651
0 0.422144 0.738943 0.043305 0.114251
0 0.765356 0.750000 0.027641 0.065111
0 0.811886 0.846437 0.026720 0.063882
0 0.965602 0.847666 0.068796 0.098280
0 0.969287 0.715602 0.061425 0.070025
0 0.545147 0.280098 0.042383 0.081081
0 0.425369 0.224201 0.046069 0.087224
0 0.185811 0.193489 0.047912 0.067568
0 0.102426 0.022113 0.037776 0.044226
0 0.280713 0.135749 0.038698 0.070025
0 0.349355 0.119165 0.043305 0.085995
0 0.493090 0.089066 0.061732 0.097052
0 0.657555 0.023342 0.044226 0.046683
0 0.723894 0.128993 0.025799 0.056511
0 0.755682 0.122236 0.035934 0.072482
0 0.771345 0.498157 0.032248 0.072482
0 0.712838 0.570639 0.042383 0.065111
0 0.798986 0.479115 0.037776 0.120393
0 0.907709 0.347666 0.035934 0.081081
0 0.979883 0.420147 0.040233 0.083538
0 0.858415 0.149877 0.051597 0.125307
0 0.988636 0.066953 0.022727 0.084767