0 0.049447 0.922604 0.031327 0.049140
0 0.115326 0.906634 0.037776 0.071253
0 0.271959 0.862408 0.032248 0.071253
0 0.498618 0.828010 0.039619 0.071253
0 0.538237 0.859951 0.028563 0.056511
0 0.664005 0.778870 0.025799 0.054054
0 0.830313 0.542383 0.032248 0.079853
0 0.948710 0.504914 0.020270 0.051597
0 0.930743 0.780098 0.045147 0.054054
0 0.578317 0.549754 0.038698 0.060197
0 0.297297 0.516585 0.038698 0.060197
0 0.200553 0.555897 0.025799 0.067568
0 0.126843 0.557740 0.055283 0.076167
0 0.093673 0.498157 0.038698 0.050369
0 0.135596 0.382678 0.023034 0.070025
0 0.200553 0.372236 0.020270 0.046683
0 0.263667 0.359337 0.017506 0.035627
0 0.393581 0.351966 0.013821 0.040541
0 0.459459 0.355037 0.027641 0.068796
0 0.510135 0.345209 0.033170 0.063882
0 0.535934 0.296683 0.018428 0.042998
0 0.623925 0.324324 0.021192 0.066339
0 0.728962 0.322482 0.017506 0.067568
0 0.838145 0.296683 0.012899 0.047912
0 0.816493 0.082310 0.026720 0.063882
0 0.864404 0.108108 0.019349 0.036855
0 0.921529 0.022727 0.028563 0.045454
0 0.642353 0.149263 0.050676 0.070025
0 0.400952 0.126536 0.039619 0.058968
0 0.492168 0.039926 0.023034 0.050369
0 0.333692 0.140049 0.035934 0.066339
0 0.330467 0.015356 0.018428 0.030712
0 0.211149 0.133292 0.037776 0.062654
0 0.125000 0.164619 0.035012 0.076167
0 0.057279 0.330467 0.046990 0.049140
0 0.022267 0.071867 0.037776 0.050369