0 0.073125 0.174225 0.055948 0.069690
0 0.117295 0.289556 0.032391 0.053004
0 0.166986 0.281213 0.039016 0.097173
0 0.201585 0.278759 0.030183 0.062819
0 0.284771 0.040734 0.031655 0.065764
0 0.244282 0.100118 0.027238 0.051040
0 0.424642 0.099627 0.028710 0.075579
0 0.354338 0.058893 0.041225 0.084413
0 0.481326 0.050059 0.040489 0.066745
0 0.524023 0.273852 0.033127 0.066745
0 0.461450 0.296918 0.031655 0.105026
0 0.407710 0.329800 0.047850 0.074598
0 0.306120 0.284649 0.039016 0.086376
0 0.274833 0.392128 0.048587 0.073616
0 0.455929 0.513349 0.026502 0.080487
0 0.365013 0.525128 0.043433 0.068708
0 0.122816 0.419121 0.039016 0.068708
0 0.512613 0.510404 0.044170 0.084413
0 0.714836 0.034845 0.040489 0.053985
0 0.622816 0.255202 0.039016 0.053004
0 0.802071 0.190420 0.025029 0.078524
0 0.921697 0.163918 0.027238 0.056930
0 0.894459 0.234590 0.027238 0.041225
0 0.873111 0.299372 0.044906 0.062819
0 0.736553 0.335198 0.042697 0.053985
0 0.885257 0.424028 0.064782 0.043188
0 0.891146 0.538378 0.054476 0.053985
0 0.772993 0.451021 0.037544 0.083431
0 0.718885 0.506969 0.035336 0.079505
0 0.674347 0.543777 0.018404 0.054967
0 0.635699 0.461327 0.014723 0.047114
0 0.609565 0.507951 0.024293 0.079505
0 0.976492 0.194837 0.047016 0.075579
0 0.767472 0.188457 0.026502 0.066745
0 0.849406 0.719179 0.041961 0.077542
0 0.945107 0.821260 0.033127 0.061837
0 0.519974 0.774146 0.014723 0.038280
0 0.301703 0.728995 0.047850 0.065764