0 0.050230 0.046410 0.034509 0.064417
0 0.134586 0.181379 0.031442 0.060327
0 0.094709 0.169109 0.042178 0.084867
0 0.044479 0.275960 0.062883 0.059305
0 0.011120 0.303056 0.022239 0.060327
0 0.049463 0.359805 0.059049 0.067485
0 0.053298 0.433935 0.040644 0.064417
0 0.071702 0.602136 0.051380 0.047035
0 0.044479 0.884856 0.055215 0.070552
0 0.335123 0.984606 0.039877 0.030788
0 0.202454 0.606226 0.062883 0.106339
0 0.286043 0.256021 0.062883 0.072597
0 0.296012 0.031129 0.032209 0.062258
0 0.378067 0.167576 0.047546 0.087935
0 0.366564 0.363383 0.018405 0.039877
0 0.376150 0.453363 0.022239 0.054192
0 0.367331 0.536185 0.053681 0.080777
0 0.396472 0.564304 0.036810 0.079755
0 0.550230 0.761134 0.051380 0.078732
0 0.606979 0.586287 0.045245 0.054192
0 0.529525 0.426267 0.042178 0.065440
0 0.626534 0.364406 0.052147 0.050102
0 0.507285 0.192115 0.020706 0.057260
0 0.690184 0.257044 0.039877 0.082822
0 0.552147 0.084753 0.021472 0.049080
0 0.602377 0.024938 0.022239 0.048057
0 0.578604 0.024938 0.014571 0.048057
0 0.695169 0.718700 0.048313 0.042945
0 0.958972 0.804590 0.025307 0.051125
0 0.867331 0.794365 0.038344 0.055215
0 0.850077 0.647126 0.037577 0.055215
0 0.963190 0.629743 0.059816 0.042945
0 0.793712 0.454385 0.035276 0.046012
0 0.947469 0.431379 0.048313 0.055215
0 0.833589 0.295387 0.039877 0.073620
0 0.905291 0.254999 0.054448 0.082822
0 0.851994 0.235060 0.036810 0.044990
0 0.717025 0.146614 0.056748 0.064417
0 0.868482 0.040786 0.026840 0.040900
0 0.277607 0.431379 0.018405 0.042945
0 0.028374 0.761645 0.050613 0.026585