0 0.029638 0.192260 0.035934 0.082310
0 0.103348 0.457002 0.026720 0.056511
0 0.026873 0.835995 0.039619 0.079853
0 0.124539 0.868550 0.039619 0.068796
0 0.171069 0.795455 0.062654 0.084767
0 0.335995 0.732187 0.079238 0.095823
0 0.319871 0.492015 0.030405 0.072482
0 0.367322 0.523956 0.044226 0.057740
0 0.437346 0.485872 0.047912 0.077396
0 0.363176 0.409091 0.037776 0.095823
0 0.584767 0.568796 0.040541 0.061425
0 0.608722 0.488329 0.058968 0.079853
0 0.559429 0.326167 0.046990 0.052826
0 0.595362 0.372236 0.043305 0.068796
0 0.760289 0.423833 0.023034 0.036855
0 0.874079 0.503071 0.060811 0.116708
0 0.714681 0.211302 0.053440 0.115479
0 0.836302 0.233415 0.051597 0.083538
0 0.912776 0.329238 0.047912 0.100737
0 0.970823 0.286241 0.051597 0.083538
0 0.725276 0.826167 0.065418 0.092138
0 0.553900 0.821867 0.063575 0.098280
0 0.989558 0.049754 0.020884 0.050369
0 0.892967 0.046069 0.037776 0.065111
0 0.762131 0.117936 0.034091 0.073710
0 0.775952 0.033784 0.046990 0.060197
0 0.685657 0.081081 0.045147 0.081081
0 0.637285 0.071867 0.040541 0.092138
0 0.604115 0.064496 0.035012 0.074939
0 0.541462 0.131450 0.053440 0.078624
0 0.529023 0.209459 0.058047 0.072482
0 0.459920 0.218059 0.034091 0.106880
0 0.496775 0.027641 0.050676 0.055282
0 0.424908 0.030713 0.056204 0.061425
0 0.406941 0.113636 0.036855 0.055283
0 0.302365 0.069410 0.043305 0.079853
0 0.297758 0.008600 0.045147 0.017199
0 0.319871 0.287469 0.046990 0.058968
0 0.366861 0.194717 0.043305 0.079853
0 0.228655 0.213145 0.058047 0.089681
0 0.174754 0.211916 0.027641 0.047912
0 0.186732 0.291155 0.062654 0.058968
0 0.115326 0.350737 0.023034 0.045455
0 0.016278 0.106265 0.031327 0.057740
0 0.049447 0.076781 0.029484 0.060197
0 0.106112 0.044840 0.032248 0.082310
0 0.194103 0.081081 0.035012 0.078624