0 0.071285 0.031410 0.053740 0.043188
0 0.130178 0.097173 0.056684 0.064782
0 0.090425 0.243424 0.053740 0.066745
0 0.205266 0.111896 0.053740 0.058893
0 0.258270 0.074598 0.027238 0.072634
0 0.201585 0.205634 0.034600 0.069690
0 0.271888 0.207106 0.035336 0.076561
0 0.316426 0.230664 0.034600 0.090302
0 0.187966 0.380349 0.047114 0.075579
0 0.102572 0.352375 0.051531 0.076561
0 0.136803 0.427954 0.043433 0.058893
0 0.076438 0.463290 0.040489 0.058893
0 0.033373 0.443659 0.041225 0.066745
0 0.427218 0.090302 0.070671 0.102081
0 0.419121 0.218885 0.050059 0.076561
0 0.498626 0.127110 0.038280 0.046133
0 0.505619 0.215940 0.027238 0.066745
0 0.589542 0.210542 0.043433 0.075579
0 0.564512 0.385257 0.046378 0.097173
0 0.469548 0.399980 0.033127 0.105026
0 0.419857 0.400471 0.041225 0.109933
0 0.369430 0.420593 0.037544 0.081468
0 0.305016 0.424028 0.044170 0.072634
0 0.616191 0.072634 0.047850 0.092265
0 0.708211 0.105516 0.034600 0.095210
0 0.767472 0.074598 0.038280 0.072634
0 0.813482 0.087358 0.024293 0.088339
0 0.854707 0.108952 0.040489 0.092265
0 0.979486 0.230664 0.032391 0.076561
0 0.920593 0.235571 0.060365 0.086376
0 0.832254 0.245387 0.050059 0.102081
0 0.775569 0.242442 0.047114 0.100118
0 0.718517 0.253239 0.036072 0.094229
0 0.646373 0.245387 0.044906 0.094229
0 0.697168 0.403416 0.041961 0.076561
0 0.783299 0.377405 0.049323 0.081468
0 0.749804 0.476050 0.055948 0.072634
0 0.870534 0.421574 0.047114 0.114841
0 0.963658 0.410287 0.052267 0.086376
0 0.962554 0.908618 0.053004 0.087358
0 0.787716 0.674519 0.059629 0.082450
0 0.714836 0.639674 0.056684 0.089321
0 0.599259 0.604338 0.050795 0.075579
0 0.498405 0.551826 0.030183 0.060856
0 0.643429 0.688751 0.040489 0.063801
0 0.748331 0.967314 0.060365 0.065371
0 0.592633 0.922850 0.065518 0.100118
0 0.517177 0.951806 0.044170 0.059874
0 0.447242 0.930703 0.058893 0.092265
0 0.580413 0.820377 0.031655 0.068708
0 0.361774 0.630938 0.039016 0.078524
0 0.298096 0.572046 0.044170 0.106007
0 0.202395 0.597075 0.053004 0.093247
0 0.093443 0.612780 0.082450 0.097173
0 0.381650 0.872399 0.068463 0.082450
0 0.306562 0.828720 0.050795 0.089321
0 0.205340 0.837063 0.042697 0.106007
0 0.123258 0.869454 0.058157 0.084413