0 0.024923 0.977391 0.020706 0.038855
0 0.044479 0.884856 0.055215 0.070552
0 0.027607 0.756021 0.053681 0.037832
0 0.069402 0.602647 0.052914 0.046012
0 0.054831 0.434447 0.039110 0.075665
0 0.050613 0.362872 0.056748 0.065440
0 0.012270 0.308169 0.023006 0.062372
0 0.041794 0.267269 0.068252 0.054192
0 0.091641 0.165531 0.042178 0.055215
0 0.131518 0.178312 0.025307 0.054192
0 0.050613 0.052034 0.030675 0.057260
0 0.294095 0.025960 0.031442 0.050102
0 0.308666 0.142013 0.013037 0.094070
0 0.278374 0.250398 0.059816 0.069530
0 0.276457 0.430868 0.016104 0.046012
0 0.199770 0.601113 0.052914 0.098160
0 0.360046 0.530050 0.045245 0.072597
0 0.391488 0.559702 0.039110 0.080777
0 0.370015 0.454385 0.029908 0.052147
0 0.365031 0.363895 0.021472 0.038855
0 0.376150 0.162463 0.048313 0.079755
0 0.552147 0.081175 0.027607 0.046012
0 0.611196 0.023972 0.032209 0.047944
0 0.503451 0.192627 0.026840 0.072597
0 0.616948 0.361850 0.039110 0.055215
0 0.528374 0.417064 0.038344 0.061350
0 0.607362 0.579641 0.039877 0.049080
0 0.549463 0.754488 0.046779 0.077710
0 0.697086 0.714099 0.042945 0.046012
0 0.965107 0.802034 0.034509 0.062372
0 0.868482 0.795899 0.043712 0.054192
0 0.856212 0.645592 0.048313 0.058282
0 0.968175 0.634344 0.049847 0.039877
0 0.795629 0.452852 0.031442 0.040900
0 0.940951 0.434447 0.047546 0.051125
0 0.685199 0.237105 0.042178 0.073620
0 0.842025 0.299477 0.047546 0.077710
0 0.909893 0.256533 0.046779 0.096115
0 0.854678 0.242729 0.048313 0.052147
0 0.648773 0.166553 0.029141 0.075665
0 0.717408 0.152238 0.060583 0.067485
0 0.872316 0.039252 0.032975 0.074642