0 0.127454 0.105516 0.045642 0.063801
0 0.202910 0.123184 0.041961 0.065764
0 0.167207 0.027974 0.030919 0.053985
0 0.266220 0.127601 0.039016 0.049077
0 0.344621 0.102572 0.041225 0.061837
0 0.400569 0.113859 0.032391 0.076561
0 0.497006 0.165391 0.039753 0.065764
0 0.448052 0.108952 0.037544 0.072634
0 0.413084 0.267962 0.057420 0.056930
0 0.311126 0.270416 0.040489 0.075579
0 0.266220 0.248822 0.039016 0.067727
0 0.215793 0.272379 0.016196 0.081468
0 0.094327 0.286612 0.048587 0.068708
0 0.183402 0.420593 0.054476 0.073616
0 0.092486 0.398017 0.037544 0.052022
0 0.127454 0.476050 0.048587 0.058893
0 0.036906 0.509914 0.030919 0.052022
0 0.293090 0.497644 0.070671 0.104044
0 0.359712 0.497154 0.049323 0.101099
0 0.421182 0.478504 0.051531 0.079505
0 0.462407 0.398508 0.051531 0.056930
0 0.566942 0.458873 0.041225 0.069690
0 0.600805 0.267962 0.033863 0.064782
0 0.650128 0.103062 0.041225 0.082450
0 0.638349 0.285630 0.036808 0.092265
0 0.709315 0.138889 0.026502 0.059874
0 0.772625 0.137907 0.041225 0.069690
0 0.823420 0.108952 0.027974 0.084413
0 0.867589 0.132018 0.041225 0.079505
0 0.841088 0.287102 0.038280 0.091284
0 0.791765 0.304770 0.032391 0.085395
0 0.745019 0.283667 0.037544 0.084413
0 0.864277 0.450039 0.050795 0.085395
0 0.722198 0.459855 0.036072 0.069690
0 0.756061 0.497154 0.030183 0.077542
0 0.946727 0.939537 0.062574 0.078524
0 0.784403 0.735375 0.053004 0.086376
0 0.720357 0.707401 0.057420 0.095210
0 0.650790 0.714272 0.031655 0.067727
0 0.612510 0.663231 0.043433 0.067727
0 0.491043 0.640656 0.041961 0.063801
0 0.711523 0.939046 0.038280 0.053985
0 0.593738 0.956714 0.039753 0.077542
0 0.354338 0.642422 0.041225 0.061837
0 0.312745 0.688064 0.041961 0.068708
0 0.202321 0.650275 0.056684 0.069690
0 0.130914 0.720946 0.034600 0.055948
0 0.309801 0.898115 0.059629 0.078524
0 0.206002 0.905968 0.053740 0.078524
0 0.116559 0.921673 0.057420 0.080487