0 0.176597 0.894963 0.038698 0.062654
0 0.245700 0.856880 0.036855 0.079853
0 0.346591 0.979730 0.041462 0.033170
0 0.398188 0.891278 0.045147 0.050369
0 0.509674 0.863636 0.043305 0.090909
0 0.698096 0.896192 0.051597 0.074939
0 0.886517 0.556511 0.046990 0.088452
0 0.728041 0.538698 0.045147 0.060197
0 0.658937 0.527641 0.045147 0.074939
0 0.530405 0.504300 0.057125 0.067568
0 0.316646 0.609951 0.051597 0.072482
0 0.284859 0.533170 0.058047 0.076167
0 0.171990 0.566339 0.035012 0.058968
0 0.129607 0.581695 0.044226 0.070025
0 0.015049 0.576167 0.030098 0.061425
0 0.020885 0.433661 0.023956 0.054054
0 0.031941 0.361794 0.018428 0.065111
0 0.141585 0.244472 0.033170 0.066339
0 0.049447 0.215602 0.027641 0.052826
0 0.005835 0.218059 0.011670 0.040541
0 0.012285 0.035012 0.024570 0.052826
0 0.055897 0.045455 0.033170 0.066339
0 0.300522 0.035012 0.039619 0.070024
0 0.232340 0.210688 0.023034 0.070025
0 0.350737 0.184889 0.027641 0.074939
0 0.388053 0.152334 0.030405 0.071253
0 0.397267 0.019656 0.021192 0.039312
0 0.497236 0.164619 0.022113 0.046683
0 0.485258 0.011057 0.022113 0.022113
0 0.539158 0.033784 0.037776 0.052826
0 0.571867 0.149877 0.023956 0.068796
0 0.609183 0.112408 0.030405 0.060197
0 0.673219 0.023342 0.022113 0.046683
0 0.758907 0.107494 0.023956 0.087224
0 0.797144 0.095209 0.028563 0.079853
0 0.924754 0.077396 0.022113 0.071253
0 0.981419 0.039312 0.023034 0.051597
0 0.975430 0.251229 0.036855 0.084767
0 0.900799 0.311425 0.038698 0.072482
0 0.821100 0.349509 0.048833 0.079853
0 0.675522 0.270270 0.021192 0.066339
0 0.642813 0.396806 0.033170 0.051597
0 0.442875 0.368550 0.042383 0.058968
0 0.395424 0.345823 0.026720 0.050369
0 0.343366 0.373464 0.025799 0.066339
0 0.222666 0.431818 0.023956 0.038084
0 0.977580 0.885749 0.044840 0.090909