0 0.072482 0.148034 0.053440 0.082310
0 0.053133 0.178133 0.033170 0.063882
0 0.057740 0.068796 0.040541 0.073710
0 0.012285 0.027027 0.024570 0.046683
0 0.107033 0.774570 0.050676 0.072482
0 0.240172 0.671990 0.040541 0.056511
0 0.307432 0.690418 0.066339 0.083538
0 0.392199 0.696560 0.053440 0.076167
0 0.514281 0.662162 0.030405 0.061425
0 0.610104 0.661548 0.080160 0.079853
0 0.698096 0.705774 0.027641 0.079853
0 0.845516 0.681204 0.055283 0.079853
0 0.919226 0.616708 0.040541 0.078624
0 0.973127 0.608722 0.041462 0.094595
0 0.148956 0.164005 0.058968 0.072482
0 0.306972 0.023342 0.024877 0.041769
0 0.455313 0.015356 0.045147 0.030712
0 0.507371 0.031327 0.022113 0.057740
0 0.642353 0.165848 0.045147 0.078624
0 0.591677 0.177518 0.023034 0.082310
0 0.685197 0.370393 0.077396 0.089681
0 0.762592 0.355651 0.049754 0.101966
0 0.948710 0.335381 0.049754 0.095823
0 0.823864 0.201474 0.045147 0.066339
0 0.783784 0.168919 0.062654 0.087224
0 0.465909 0.369779 0.064496 0.068796
0 0.389435 0.326781 0.033170 0.056511
0 0.819257 0.350737 0.021192 0.023342
0 0.699017 0.028256 0.035012 0.056511
0 0.962531 0.019656 0.049754 0.031941