0 0.112101 0.931204 0.040541 0.071253
0 0.174294 0.947789 0.059889 0.062654
0 0.527181 0.904177 0.065418 0.095823
0 0.632678 0.899877 0.053440 0.087224
0 0.660780 0.831695 0.050676 0.081081
0 0.854730 0.900491 0.055283 0.154791
0 0.980805 0.903563 0.038390 0.121622
0 0.452088 0.904791 0.057125 0.114251
0 0.130528 0.606265 0.068182 0.101966
0 0.201935 0.573096 0.035934 0.065111
0 0.264588 0.541769 0.056204 0.078624
0 0.017353 0.344595 0.034705 0.042998
0 0.045762 0.283784 0.040541 0.061425
0 0.162316 0.268428 0.032248 0.079853
0 0.223127 0.298526 0.026720 0.063882
0 0.277948 0.299140 0.047912 0.092138
0 0.059582 0.108722 0.038698 0.074939
0 0.100584 0.050983 0.019349 0.067568
0 0.159091 0.102580 0.036855 0.109337
0 0.308354 0.142506 0.027641 0.061425
0 0.331388 0.077396 0.066339 0.076167
0 0.369625 0.270885 0.028563 0.072482
0 0.492629 0.357494 0.027641 0.068796
0 0.406020 0.218059 0.040541 0.067568
0 0.493090 0.090909 0.045147 0.073710
0 0.477887 0.019042 0.057125 0.033170
0 0.581081 0.050983 0.029484 0.072482
0 0.664926 0.031941 0.068182 0.063882
0 0.636824 0.359337 0.032248 0.079853
0 0.687039 0.272113 0.036855 0.074939
0 0.816493 0.232801 0.061732 0.131450
0 0.853348 0.158477 0.041462 0.061425
0 0.912776 0.039926 0.049754 0.057740
0 0.939496 0.212531 0.038698 0.095823
0 0.980498 0.189189 0.034091 0.098280
0 0.972666 0.538698 0.051597 0.116708
0 0.890663 0.463759 0.051597 0.126536
0 0.832617 0.525799 0.049754 0.081081
0 0.699478 0.488329 0.082002 0.106880
0 0.654330 0.617936 0.061732 0.076167
0 0.561271 0.568796 0.070946 0.105651
0 0.387592 0.645577 0.073710 0.146192