0 0.137679 0.089379 0.036635 0.087300
0 0.256158 0.055082 0.045988 0.064436
0 0.082727 0.234359 0.045209 0.094575
0 0.200036 0.203700 0.052224 0.087300
0 0.283049 0.203180 0.060798 0.104968
0 0.349304 0.068073 0.053004 0.090418
0 0.413999 0.074829 0.056121 0.087300
0 0.406205 0.200062 0.048327 0.077946
0 0.491166 0.116400 0.034296 0.064436
0 0.510263 0.214612 0.022604 0.055082
0 0.622116 0.067034 0.043650 0.088339
0 0.592496 0.209936 0.028061 0.085221
0 0.643162 0.238516 0.035855 0.084182
0 0.558200 0.379339 0.054562 0.076907
0 0.462326 0.397527 0.029620 0.080025
0 0.412440 0.397007 0.045209 0.099771
0 0.364503 0.426626 0.022604 0.088339
0 0.299418 0.418832 0.059239 0.085221
0 0.188734 0.389212 0.056121 0.084182
0 0.092081 0.338287 0.043650 0.059239
0 0.129495 0.413635 0.032737 0.085221
0 0.070256 0.431303 0.028061 0.051964
0 0.069086 0.028580 0.060019 0.053004
0 0.708013 0.100291 0.034296 0.096654
0 0.750494 0.073270 0.031958 0.092496
0 0.811682 0.096654 0.031179 0.089379
0 0.857280 0.102370 0.030399 0.067554
0 0.974044 0.235398 0.051912 0.084182
0 0.919637 0.244752 0.033517 0.080025
0 0.837014 0.245791 0.061578 0.094575
0 0.766083 0.234359 0.036635 0.094575
0 0.714638 0.254105 0.036635 0.088339
0 0.863906 0.412076 0.053004 0.092496
0 0.776606 0.365309 0.034296 0.077946
0 0.709182 0.395968 0.045988 0.051964
0 0.743089 0.459884 0.057680 0.050925
0 0.955103 0.914259 0.062357 0.090418
0 0.790246 0.672625 0.064695 0.097693
0 0.718536 0.648202 0.049106 0.109125
0 0.603565 0.587404 0.059239 0.099771
0 0.500676 0.541156 0.049886 0.065475
0 0.640979 0.695490 0.056121 0.070671
0 0.749714 0.971420 0.050665 0.044689
0 0.703336 0.930368 0.034296 0.074829
0 0.591873 0.925171 0.076387 0.087300
0 0.510029 0.941800 0.043650 0.054043
0 0.446503 0.925171 0.042871 0.085221
0 0.361541 0.621596 0.070931 0.065475
0 0.288272 0.568593 0.055342 0.107046
0 0.187331 0.590937 0.051445 0.118478
0 0.095354 0.629911 0.062357 0.090418
0 0.379469 0.861671 0.056901 0.102889
0 0.300353 0.818541 0.057680 0.093536
0 0.205259 0.825296 0.068593 0.090418
0 0.107826 0.882457 0.074829 0.096654
0 0.578232 0.835689 0.036635 0.055082