0 0.110669 0.036317 0.039753 0.056930
0 0.033373 0.146741 0.029446 0.067727
0 0.073125 0.161464 0.032391 0.061837
0 0.047360 0.282686 0.016196 0.058893
0 0.095946 0.286612 0.042697 0.062819
0 0.150422 0.269435 0.042697 0.071653
0 0.215572 0.067727 0.022821 0.076561
0 0.247595 0.036317 0.030919 0.064782
0 0.291397 0.128583 0.024293 0.082450
0 0.341088 0.037299 0.032391 0.070671
0 0.421329 0.096192 0.030919 0.082450
0 0.467707 0.055457 0.032391 0.083431
0 0.517398 0.280722 0.041961 0.062819
0 0.456665 0.271888 0.039753 0.078524
0 0.294341 0.276796 0.055212 0.074598
0 0.118031 0.409305 0.057420 0.084413
0 0.260110 0.392128 0.064782 0.057911
0 0.355811 0.524146 0.041225 0.045151
0 0.403661 0.537888 0.022085 0.058893
0 0.446358 0.521201 0.036808 0.072634
0 0.518870 0.507460 0.040489 0.084413
0 0.580708 0.510895 0.039016 0.075579
0 0.761582 0.204162 0.029446 0.090302
0 0.813850 0.190911 0.033863 0.075579
0 0.879368 0.227228 0.033863 0.028465
0 0.919489 0.160483 0.024293 0.069690
0 0.976541 0.206125 0.044170 0.072634
0 0.887834 0.307224 0.049323 0.086376
0 0.899244 0.420593 0.033863 0.057911
0 0.882681 0.501570 0.031655 0.072634
0 0.827837 0.503534 0.041225 0.041225
0 0.772625 0.463290 0.033863 0.082450
0 0.726615 0.494209 0.031655 0.075579
0 0.725510 0.215450 0.030919 0.081468
0 0.605884 0.241951 0.050795 0.063801
0 0.736921 0.353357 0.024293 0.058893
0 0.666250 0.333235 0.030183 0.069690
0 0.625393 0.370043 0.027974 0.064782
0 0.631650 0.495190 0.031655 0.067727
0 0.823052 0.733903 0.040489 0.057911
0 0.929427 0.790832 0.038280 0.071653
0 0.646373 0.846781 0.028710 0.042207
0 0.653367 0.731449 0.030919 0.062819
0 0.523803 0.742246 0.036808 0.029446
0 0.297654 0.736847 0.057420 0.101099