0 0.109797 0.764742 0.054361 0.087224
0 0.197328 0.770270 0.058047 0.098280
0 0.028256 0.531941 0.046069 0.058968
0 0.033323 0.461302 0.050676 0.060197
0 0.185350 0.532555 0.046990 0.097052
0 0.285319 0.485258 0.057125 0.100737
0 0.408323 0.739558 0.045147 0.073710
0 0.770885 0.740786 0.033170 0.068796
0 0.813729 0.828624 0.030405 0.057740
0 0.968366 0.842138 0.063268 0.099509
0 0.971284 0.714373 0.048833 0.072482
0 0.725737 0.568182 0.031327 0.070025
0 0.785627 0.503686 0.038698 0.081081
0 0.912316 0.337838 0.035934 0.078624
0 0.986333 0.418919 0.027334 0.073710
0 0.863943 0.160319 0.047912 0.101966
0 0.759828 0.114251 0.035012 0.063882
0 0.724816 0.123464 0.033170 0.057740
0 0.492168 0.074939 0.058047 0.105651
0 0.529484 0.285012 0.066339 0.085995
0 0.420301 0.216830 0.059889 0.077396
0 0.335995 0.125921 0.049754 0.082310
0 0.257678 0.118550 0.022113 0.057740
0 0.185350 0.189189 0.048833 0.103194
0 0.093213 0.023342 0.039619 0.041769
0 0.816032 0.464988 0.049754 0.079853