0 0.129607 0.485872 0.035012 0.084767
0 0.081695 0.436118 0.023956 0.051597
0 0.139281 0.331695 0.039619 0.081081
0 0.204699 0.348280 0.023034 0.050369
0 0.267813 0.340295 0.023956 0.051597
0 0.455313 0.312039 0.024877 0.051597
0 0.500921 0.323096 0.029484 0.054054
0 0.541001 0.269042 0.028563 0.046683
0 0.618397 0.285627 0.017506 0.067568
0 0.565878 0.211302 0.015663 0.046683
0 0.629914 0.122236 0.051597 0.065111
0 0.401413 0.104423 0.038698 0.054054
0 0.328163 0.104423 0.024877 0.068796
0 0.200092 0.105037 0.026720 0.070025
0 0.123618 0.115479 0.026720 0.071253
0 0.010442 0.051597 0.020884 0.039312
0 0.819257 0.064496 0.032248 0.057740
0 0.872697 0.085381 0.015663 0.052826
0 0.844595 0.273342 0.018428 0.060197
0 0.907709 0.297297 0.015663 0.034398
0 0.751075 0.277027 0.019349 0.065111
0 0.586609 0.517199 0.057125 0.073710
0 0.296837 0.503071 0.039619 0.070025
0 0.196407 0.519656 0.028563 0.058968
0 0.089066 0.832924 0.049754 0.068796
0 0.019656 0.874693 0.039312 0.068796
0 0.505068 0.789312 0.050676 0.060197
0 0.539619 0.843980 0.022113 0.039312
0 0.660319 0.754914 0.023956 0.055283
0 0.731726 0.828010 0.019349 0.034398
0 0.845977 0.782555 0.019349 0.044226
0 0.940878 0.775184 0.037776 0.085995
0 0.814189 0.503686 0.029484 0.039312
0 0.850584 0.509828 0.024877 0.063882
0 0.895731 0.518428 0.010135 0.051597
0 0.966216 0.485872 0.029484 0.074939