0 0.090874 0.148148 0.034509 0.069530
0 0.039494 0.265735 0.048313 0.042945
0 0.038344 0.361338 0.061350 0.058282
0 0.042178 0.432913 0.042945 0.074642
0 0.066718 0.587821 0.036810 0.049080
0 0.031442 0.854692 0.062883 0.065440
0 0.179831 0.614917 0.051380 0.076687
0 0.368865 0.174222 0.036810 0.060327
0 0.281058 0.248353 0.048313 0.063395
0 0.328221 0.537207 0.036810 0.066462
0 0.353528 0.577085 0.041411 0.080777
0 0.505368 0.754488 0.053681 0.077710
0 0.515337 0.438025 0.035276 0.041922
0 0.547929 0.094467 0.016104 0.041922
0 0.605061 0.033117 0.032209 0.062372
0 0.598926 0.344978 0.041411 0.060327
0 0.677914 0.248864 0.038344 0.074642
0 0.675230 0.717678 0.037577 0.030675
0 0.843558 0.831175 0.029141 0.047035
0 0.923313 0.832708 0.023006 0.043967
0 0.832055 0.650704 0.036810 0.054192
0 0.939417 0.616451 0.035276 0.030675
0 0.894555 0.413997 0.039110 0.047035
0 0.773773 0.430357 0.027607 0.042945
0 0.812883 0.309702 0.035276 0.063395
0 0.889954 0.265224 0.040644 0.078732
0 0.850460 0.248353 0.046012 0.057260
0 0.991564 0.119518 0.016871 0.075665
0 0.847009 0.053567 0.022239 0.062372
0 0.722776 0.157862 0.048313 0.074642
0 0.297546 0.038230 0.027607 0.050102