0 0.073236 0.802545 0.146472 0.179959
0 0.596626 0.924279 0.108896 0.151442
0 0.876917 0.923711 0.149540 0.148262
0 0.376917 0.562770 0.181748 0.170757
0 0.512270 0.512156 0.093558 0.128834
0 0.213957 0.524426 0.075153 0.139059
0 0.031058 0.536696 0.062116 0.126789
0 0.105828 0.170132 0.073620 0.158487
0 0.193635 0.153772 0.118865 0.158487
0 0.364264 0.228925 0.098160 0.139059
0 0.340491 0.969212 0.039877 0.059305
0 0.846242 0.536185 0.086656 0.146217
0 0.663727 0.638946 0.031442 0.065440
0 0.965107 0.435980 0.069785 0.144172
0 0.647623 0.204897 0.086656 0.080777
0 0.746166 0.196205 0.056748 0.139059
0 0.823236 0.182402 0.069785 0.144172