0 0.077088 0.883292 0.038698 0.073710
0 0.166462 0.791155 0.073710 0.135135
0 0.380682 0.714373 0.067260 0.111794
0 0.015971 0.486486 0.031941 0.078624
0 0.122697 0.492629 0.048833 0.090909
0 0.352580 0.524570 0.040541 0.076167
0 0.456695 0.477887 0.090295 0.127764
0 0.586149 0.344595 0.046990 0.097052
0 0.628071 0.446560 0.046069 0.092138
0 0.012592 0.269656 0.020270 0.047912
0 0.066953 0.209459 0.051597 0.094595
0 0.204699 0.281941 0.063575 0.106880
0 0.254914 0.245700 0.046069 0.110565
0 0.392660 0.190418 0.021192 0.066339
0 0.516124 0.240786 0.030405 0.058968
0 0.558968 0.202088 0.036855 0.067568
0 0.570025 0.132678 0.042383 0.068796
0 0.620700 0.102580 0.025799 0.065111
0 0.663084 0.087224 0.049754 0.088452
0 0.740479 0.219287 0.075553 0.101966
0 0.869932 0.271499 0.034091 0.078624
0 0.959306 0.312654 0.056204 0.079853
0 0.987254 0.253686 0.025491 0.065111
0 0.913698 0.060197 0.044226 0.061425
0 0.992783 0.047912 0.014434 0.051597
0 0.773188 0.108108 0.043305 0.063882
0 0.355344 0.074939 0.047912 0.078624
0 0.383907 0.111179 0.036855 0.042998
0 0.491247 0.039926 0.028563 0.067568
0 0.566339 0.025184 0.060811 0.050368
0 0.406480 0.017813 0.039619 0.035626
0 0.230958 0.055897 0.029484 0.067568
0 0.025491 0.052826 0.038698 0.066339
0 0.136517 0.017199 0.024877 0.031941
0 0.120854 0.237715 0.015663 0.040541
0 0.154945 0.138821 0.024877 0.056511