0 0.018274 0.564496 0.036548 0.057740
0 0.177058 0.895577 0.043305 0.066339
0 0.129146 0.576781 0.037776 0.060197
0 0.186271 0.581081 0.034091 0.071253
0 0.403256 0.885135 0.044226 0.055283
0 0.511978 0.870393 0.047912 0.065111
0 0.704085 0.918919 0.035934 0.081081
0 0.985412 0.888821 0.029176 0.050369
0 0.658477 0.550369 0.042383 0.076167
0 0.722973 0.541155 0.033170 0.070025
0 0.891124 0.551597 0.046990 0.083538
0 0.823864 0.348894 0.037776 0.081081
0 0.896652 0.300369 0.028563 0.074939
0 0.973587 0.230958 0.020270 0.044226
0 0.989711 0.098280 0.017506 0.066339
0 0.794380 0.095823 0.032248 0.088452
0 0.760289 0.113636 0.030405 0.079853
0 0.616093 0.116708 0.027641 0.083538
0 0.565878 0.143735 0.011978 0.068796
0 0.051290 0.045455 0.042383 0.063882
0 0.008446 0.030713 0.015663 0.044226
0 0.014588 0.413391 0.029176 0.047912
0 0.030098 0.351966 0.029484 0.067568
0 0.151259 0.245086 0.034091 0.077396
0 0.237408 0.232801 0.046069 0.067568
0 0.300061 0.030098 0.038698 0.055283
0 0.347052 0.180590 0.040541 0.071253
0 0.443796 0.366708 0.027641 0.045455
0 0.684736 0.269656 0.030405 0.055283
0 0.644656 0.393735 0.033170 0.060197
0 0.927518 0.076781 0.023956 0.050369