0 0.145731 0.598280 0.052518 0.066339
0 0.203778 0.904791 0.021192 0.040541
0 0.687961 0.957617 0.035012 0.062654
0 0.688882 0.552211 0.040541 0.050369
0 0.903563 0.365479 0.023956 0.047912
0 0.780098 0.159705 0.023956 0.054054
0 0.738636 0.134521 0.029484 0.047912
0 0.757525 0.038698 0.024877 0.050369
0 0.841370 0.024570 0.019349 0.049140
0 0.969390 0.069206 0.019042 0.035217
0 0.486896 0.037674 0.013514 0.034398
0 0.151259 0.277027 0.024877 0.040541
0 0.028716 0.091523 0.015663 0.047912
0 0.058661 0.044840 0.023956 0.062654