0 0.017199 0.570639 0.033170 0.065111
0 0.129146 0.579853 0.037776 0.076167
0 0.014435 0.797297 0.020270 0.054054
0 0.172451 0.898649 0.032248 0.072482
0 0.409244 0.881450 0.032248 0.055283
0 0.523956 0.870393 0.060811 0.089681
0 0.705006 0.902334 0.034091 0.067568
0 0.655713 0.535627 0.036855 0.081081
0 0.727580 0.538084 0.027641 0.068796
0 0.890203 0.538084 0.045147 0.098280
0 0.826628 0.334767 0.046990 0.089681
0 0.893888 0.308354 0.030405 0.085995
0 0.984644 0.237715 0.022113 0.082310
0 0.988636 0.109951 0.022727 0.062654
0 0.978655 0.030098 0.037776 0.060196
0 0.927979 0.070639 0.024877 0.087224
0 0.802672 0.096437 0.037776 0.070025
0 0.763053 0.110565 0.023034 0.098280
0 0.679208 0.234029 0.026720 0.094595
0 0.614711 0.104423 0.034091 0.071253
0 0.573249 0.148034 0.017506 0.079853
0 0.648342 0.364865 0.031327 0.041769
0 0.498618 0.127764 0.019349 0.041769
0 0.551136 0.021499 0.030405 0.042998
0 0.492629 0.014128 0.031327 0.028256
0 0.397267 0.146192 0.021192 0.081081
0 0.361333 0.160319 0.026720 0.067568
0 0.303286 0.037469 0.041462 0.074938
0 0.287162 0.113022 0.016585 0.054054
0 0.231419 0.204545 0.032248 0.060197
0 0.143428 0.235872 0.035012 0.063882
0 0.049908 0.158477 0.032248 0.063882
0 0.053133 0.042998 0.040541 0.061425
0 0.008600 0.038698 0.017199 0.074939