0 0.173833 0.884521 0.038698 0.073710
0 0.012285 0.572482 0.024570 0.063882
0 0.018735 0.419533 0.037469 0.052826
0 0.033323 0.359951 0.021192 0.058968
0 0.011364 0.028870 0.022727 0.047912
0 0.048065 0.043612 0.034091 0.057740
0 0.141124 0.236486 0.039619 0.070025
0 0.238790 0.221744 0.017506 0.057740
0 0.298679 0.033784 0.030405 0.067568
0 0.265510 0.166462 0.030405 0.065111
0 0.355805 0.194103 0.026720 0.073710
0 0.395885 0.171376 0.029484 0.060197
0 0.498618 0.165848 0.030405 0.054054
0 0.490786 0.015356 0.038698 0.030712
0 0.550676 0.039926 0.029484 0.047912
0 0.566800 0.144963 0.011978 0.058968
0 0.619779 0.127150 0.029484 0.074939
0 0.759367 0.113022 0.019349 0.078624
0 0.806357 0.093980 0.019349 0.077396
0 0.926136 0.083538 0.023034 0.066339
0 0.986794 0.040541 0.026412 0.066339
0 0.970823 0.257371 0.040541 0.082310
0 0.901259 0.301597 0.037776 0.077396
0 0.833077 0.348280 0.035934 0.089681
0 0.886978 0.578010 0.049754 0.087224
0 0.732187 0.537469 0.038698 0.067568
0 0.662162 0.544840 0.042383 0.060197
0 0.646038 0.410934 0.028563 0.057740
0 0.685197 0.282555 0.020270 0.088452
0 0.537316 0.528256 0.037776 0.066339
0 0.515663 0.873464 0.040541 0.073710
0 0.404638 0.894349 0.041462 0.049140
0 0.359490 0.971744 0.043305 0.044226
0 0.249846 0.879607 0.043305 0.068796
0 0.127764 0.590295 0.038698 0.057740
0 0.183047 0.573096 0.031327 0.060197
0 0.287162 0.528870 0.047912 0.070025
0 0.313421 0.608108 0.050676 0.068796
0 0.443796 0.371007 0.038698 0.061425
0 0.396806 0.353194 0.040541 0.062654
0 0.334152 0.369165 0.029484 0.062654