0 0.204699 0.545455 0.037776 0.076167
0 0.266892 0.497543 0.036855 0.088452
0 0.132832 0.761057 0.052518 0.099509
0 0.197789 0.208845 0.046069 0.054054
0 0.313882 0.158477 0.035012 0.073710
0 0.465448 0.117322 0.037776 0.065111
0 0.734029 0.171376 0.031327 0.060197
0 0.840448 0.182432 0.041462 0.099509
0 0.725276 0.513514 0.037776 0.051597
0 0.785627 0.530713 0.035012 0.058968
0 0.970362 0.512899 0.043305 0.052826
0 0.920608 0.778256 0.043305 0.040541
0 0.930283 0.890049 0.042383 0.065111
0 0.728041 0.771499 0.039619 0.044226
0 0.431818 0.769656 0.022113 0.040541
0 0.021345 0.536855 0.039619 0.090909
0 0.067875 0.033170 0.057125 0.054054
0 0.406941 0.248771 0.025799 0.062654