0 0.013206 0.054668 0.026412 0.057740
0 0.130989 0.122236 0.045147 0.050369
0 0.211149 0.117936 0.023034 0.083538
0 0.039312 0.276413 0.049754 0.054054
0 0.133292 0.327396 0.044226 0.067568
0 0.211609 0.342752 0.023956 0.063882
0 0.125921 0.493243 0.047912 0.055283
0 0.068335 0.434275 0.024877 0.060197
0 0.089066 0.861179 0.047912 0.054054
0 0.260903 0.846437 0.041462 0.078624
0 0.194564 0.519042 0.032248 0.072482
0 0.299140 0.507985 0.044226 0.077396
0 0.266431 0.328010 0.021192 0.039312
0 0.387592 0.327396 0.016585 0.047912
0 0.461763 0.329238 0.035934 0.056511
0 0.500461 0.324324 0.030405 0.063882
0 0.545147 0.276413 0.027641 0.056511
0 0.328163 0.105037 0.030405 0.062654
0 0.412469 0.099509 0.029484 0.061425
0 0.482033 0.020270 0.043305 0.038084
0 0.633600 0.105651 0.055283 0.083538
0 0.751536 0.066953 0.023956 0.060197
0 0.833999 0.047912 0.037776 0.078624
0 0.620700 0.275799 0.031327 0.065111
0 0.709613 0.279484 0.024877 0.045455
0 0.755221 0.299140 0.025799 0.065111
0 0.840909 0.295455 0.020270 0.065111
0 0.911394 0.302211 0.015663 0.049140
0 0.927058 0.172604 0.048833 0.042998
0 0.870393 0.106265 0.025799 0.057740
0 0.945485 0.019042 0.048833 0.035627
0 0.964373 0.495086 0.035012 0.058968
0 0.898034 0.514128 0.022113 0.052826
0 0.853348 0.545455 0.032248 0.046683
0 0.583385 0.522113 0.050676 0.056511
0 0.511057 0.793612 0.047912 0.063882
0 0.539158 0.843980 0.035934 0.054054
0 0.660319 0.755528 0.022113 0.066339
0 0.843213 0.798526 0.023034 0.039312
0 0.949171 0.790541 0.041462 0.077396
0 0.736794 0.825553 0.029484 0.031941