0 0.291794 0.914508 0.083589 0.146217
0 0.577454 0.928880 0.113497 0.142240
0 0.837807 0.945751 0.166411 0.108498
0 0.063650 0.731481 0.110429 0.176892
0 0.034509 0.512156 0.069018 0.137014
0 0.180598 0.457453 0.062117 0.138037
0 0.349693 0.536185 0.177914 0.180982
0 0.495782 0.519825 0.086656 0.125767
0 0.098543 0.131277 0.098926 0.156442
0 0.183666 0.124120 0.109663 0.193252
0 0.376150 0.209498 0.111196 0.155419
0 0.653374 0.635878 0.029141 0.065440
0 0.844709 0.577596 0.091258 0.134969
0 0.950153 0.467678 0.099693 0.154397
0 0.627684 0.193649 0.086656 0.091002
0 0.746166 0.203363 0.088957 0.124744
0 0.806748 0.198250 0.075153 0.134969