0 0.184889 0.899877 0.038698 0.062654
0 0.271499 0.871622 0.027641 0.055283
0 0.130989 0.579238 0.043305 0.060197
0 0.027795 0.572482 0.037776 0.066339
0 0.200553 0.621007 0.029484 0.062654
0 0.299601 0.557740 0.028563 0.063882
0 0.321714 0.622236 0.023034 0.038084
0 0.542383 0.549754 0.033170 0.055283
0 0.660780 0.559582 0.032248 0.077396
0 0.722052 0.555283 0.033170 0.066339
0 0.890203 0.591523 0.034091 0.079853
0 0.836302 0.360565 0.031327 0.087224
0 0.916923 0.312039 0.041462 0.068796
0 0.977733 0.299140 0.032248 0.065111
0 0.805897 0.101351 0.020270 0.082310
0 0.755682 0.106265 0.024877 0.082310
0 0.675983 0.032555 0.016585 0.052826
0 0.312961 0.059582 0.018428 0.079853
0 0.050829 0.039926 0.026720 0.052826
0 0.010903 0.032555 0.021806 0.055283
0 0.144349 0.245086 0.025799 0.052826
0 0.242475 0.218673 0.026720 0.061425
0 0.360872 0.240172 0.014742 0.050369
0 0.410166 0.213145 0.013821 0.042998
0 0.709613 0.937346 0.030405 0.081081
0 0.973127 0.930590 0.048833 0.077396
0 0.525799 0.867936 0.058968 0.077396
0 0.035627 0.361794 0.029484 0.060197
0 0.019042 0.421376 0.025799 0.041769