0 0.013206 0.861794 0.026412 0.074939
0 0.106572 0.820639 0.062654 0.078624
0 0.267813 0.851351 0.038698 0.085995
0 0.518428 0.792383 0.042383 0.066339
0 0.543765 0.864865 0.043305 0.051597
0 0.740940 0.804668 0.023034 0.054054
0 0.852426 0.780713 0.026720 0.062654
0 0.945946 0.769042 0.005528 0.068796
0 0.667690 0.740786 0.022113 0.061425
0 0.080313 0.421376 0.032248 0.078624
0 0.132832 0.471744 0.035934 0.063882
0 0.179822 0.493857 0.024877 0.068796
0 0.300061 0.487715 0.049754 0.078624
0 0.380682 0.483415 0.021192 0.055283
0 0.499079 0.492015 0.036855 0.065111
0 0.586149 0.508600 0.046990 0.066339
0 0.690725 0.527641 0.038698 0.050369
0 0.833077 0.471744 0.035934 0.046683
0 0.869011 0.452703 0.021192 0.077396
0 0.906787 0.503686 0.037776 0.056511
0 0.984029 0.473587 0.031941 0.062654
0 0.038851 0.267813 0.061732 0.061425
0 0.132832 0.286241 0.043305 0.063882
0 0.203317 0.342138 0.036855 0.047912
0 0.278409 0.307125 0.045147 0.056511
0 0.389896 0.297297 0.023034 0.071253
0 0.457617 0.305283 0.027641 0.065111
0 0.501382 0.307125 0.023034 0.054054
0 0.543765 0.248157 0.026720 0.051597
0 0.623004 0.272727 0.019349 0.061425
0 0.712377 0.232801 0.015663 0.060197
0 0.756143 0.274570 0.023956 0.062654
0 0.868090 0.264742 0.023034 0.070025
0 0.924754 0.271499 0.044226 0.058968
0 0.948710 0.133292 0.027641 0.065111
0 0.827549 0.051597 0.028563 0.063882
0 0.884214 0.066339 0.023956 0.049140
0 0.774570 0.039926 0.018428 0.070025
0 0.638667 0.104423 0.039619 0.076167
0 0.405559 0.076167 0.039619 0.066339
0 0.334613 0.078010 0.023034 0.092138
0 0.207002 0.102580 0.027641 0.070025
0 0.118090 0.125921 0.043305 0.065111
0 0.025952 0.201474 0.030405 0.058968
0 0.042998 0.159705 0.038698 0.058968