0 0.038673 0.084413 0.029446 0.056930
0 0.087628 0.137907 0.024293 0.071653
0 0.143208 0.144287 0.041225 0.060856
0 0.087260 0.061347 0.026502 0.042207
0 0.236700 0.082941 0.020612 0.055948
0 0.042722 0.255202 0.022821 0.066745
0 0.095357 0.251767 0.036808 0.055948
0 0.160507 0.251767 0.033127 0.067727
0 0.072904 0.435316 0.031655 0.034354
0 0.091308 0.390165 0.040489 0.042207
0 0.141735 0.404397 0.032391 0.102081
0 0.215351 0.293973 0.000000 0.002945
0 0.199892 0.325383 0.041225 0.042207
0 0.205781 0.266490 0.041225 0.065764
0 0.262098 0.261582 0.030183 0.063801
0 0.309948 0.274342 0.033127 0.052022
0 0.231915 0.389674 0.024293 0.064782
0 0.271300 0.372006 0.027974 0.074598
0 0.318046 0.384276 0.028710 0.067727
0 0.261729 0.038771 0.041225 0.073616
0 0.308108 0.091284 0.023557 0.086376
0 0.382828 0.078033 0.028710 0.089321
0 0.431782 0.078033 0.032391 0.089321
0 0.482209 0.041225 0.030183 0.066745
0 0.471167 0.119749 0.022821 0.064782
0 0.521594 0.254221 0.029446 0.060856
0 0.457548 0.266981 0.032391 0.066745
0 0.379515 0.289556 0.029446 0.043188
0 0.420372 0.309187 0.027238 0.051040
0 0.450923 0.511386 0.025029 0.068708
0 0.530060 0.516784 0.068463 0.081468
0 0.594106 0.498626 0.036072 0.058893
0 0.380619 0.528563 0.065518 0.077542
0 0.137318 0.725559 0.058893 0.076561
0 0.080634 0.941500 0.042697 0.056930
0 0.014920 0.959168 0.029839 0.070671
0 0.291912 0.737338 0.055948 0.090302
0 0.520858 0.740773 0.044170 0.053985
0 0.509079 0.921869 0.042697 0.066745
0 0.599995 0.876227 0.025766 0.048096
0 0.672507 0.728995 0.044170 0.075579
0 0.686494 0.824696 0.020612 0.051040
0 0.735080 0.862485 0.050059 0.057911
0 0.846609 0.692678 0.031655 0.055948
0 0.852498 0.889478 0.027238 0.045151
0 0.920593 0.814389 0.045642 0.050059
0 0.969179 0.785925 0.032391 0.046133
0 0.902925 0.416176 0.023557 0.058893
0 0.889674 0.492737 0.023557 0.056930
0 0.833726 0.498135 0.038280 0.073616
0 0.780354 0.448076 0.041961 0.067727
0 0.732872 0.485866 0.035336 0.098155
0 0.678764 0.501080 0.025766 0.063801
0 0.645269 0.450039 0.035336 0.116804
0 0.652631 0.324401 0.057420 0.063801
0 0.739129 0.342560 0.033127 0.076561
0 0.874215 0.287593 0.026502 0.060856
0 0.909919 0.299863 0.028710 0.053985
0 0.980541 0.173734 0.038918 0.107970
0 0.929795 0.123675 0.041961 0.070671
0 0.893723 0.211523 0.033127 0.065764
0 0.827101 0.172752 0.051531 0.082450
0 0.770048 0.210051 0.033127 0.090302
0 0.724406 0.210051 0.034600 0.096192
0 0.668458 0.208088 0.040489 0.086376
0 0.625393 0.221339 0.026502 0.089321
0 0.929427 0.050059 0.038280 0.043188
0 0.894827 0.056930 0.020612 0.074598
0 0.795814 0.047605 0.053740 0.069690
0 0.590057 0.040243 0.048587 0.041225