0 0.024724 0.548526 0.049447 0.121622
0 0.131450 0.760442 0.057125 0.098280
0 0.259982 0.484644 0.041462 0.097052
0 0.210227 0.534398 0.039619 0.051597
0 0.728962 0.774570 0.045147 0.065111
0 0.938114 0.888206 0.061732 0.054054
0 0.921990 0.784398 0.042383 0.074939
0 0.718366 0.519656 0.027641 0.076167
0 0.786548 0.540541 0.057125 0.061425
0 0.973434 0.522113 0.053132 0.044226
0 0.845055 0.189803 0.069103 0.114251
0 0.734951 0.178747 0.031327 0.062654
0 0.410627 0.263514 0.035012 0.067568
0 0.320332 0.160934 0.053440 0.076167
0 0.198710 0.220516 0.079238 0.094595
0 0.069717 0.036855 0.047912 0.071253
0 0.461763 0.127764 0.043305 0.081081