0 0.018581 0.571253 0.034091 0.054054
0 0.168765 0.902948 0.046990 0.068796
0 0.239711 0.885135 0.039619 0.057740
0 0.127303 0.579238 0.034091 0.060197
0 0.182586 0.550369 0.024877 0.046683
0 0.287623 0.535012 0.041462 0.060197
0 0.316186 0.603808 0.032248 0.045455
0 0.655713 0.552211 0.036855 0.082310
0 0.714681 0.546069 0.029484 0.057740
0 0.892506 0.565111 0.029484 0.090909
0 0.817875 0.349509 0.035012 0.072482
0 0.892045 0.310197 0.035934 0.079853
0 0.956081 0.243243 0.031327 0.061425
0 0.966677 0.042998 0.037776 0.068796
0 0.904484 0.076781 0.025799 0.072482
0 0.796683 0.094595 0.040541 0.076167
0 0.755682 0.121622 0.024877 0.088452
0 0.604576 0.119779 0.028563 0.067568
0 0.563575 0.146806 0.033170 0.074939
0 0.492629 0.135135 0.022113 0.061425
0 0.383446 0.164005 0.030405 0.055283
0 0.339220 0.164005 0.032248 0.070025
0 0.294994 0.038084 0.035934 0.068796
0 0.232340 0.233415 0.030405 0.066339
0 0.146652 0.254300 0.032248 0.058968
0 0.024570 0.146192 0.036855 0.076167
0 0.045762 0.038698 0.035012 0.067568
0 0.009060 0.035627 0.018120 0.066339
0 0.480190 0.019042 0.028563 0.038084
0 0.535012 0.018428 0.031327 0.036855
0 0.980958 0.879607 0.033170 0.078624
0 0.697635 0.918305 0.050676 0.087224
0 0.399109 0.890663 0.045147 0.061425
0 0.506910 0.863022 0.045147 0.070025
0 0.353962 0.966216 0.039619 0.042998