0 0.014571 0.963133 0.029141 0.073733
0 0.046779 0.889457 0.053681 0.065440
0 0.016488 0.760623 0.032975 0.057260
0 0.225077 0.849580 0.029908 0.049080
0 0.058282 0.579641 0.050613 0.053170
0 0.061350 0.430357 0.039877 0.077710
0 0.047163 0.364406 0.059049 0.072597
0 0.011887 0.308680 0.022239 0.061350
0 0.034509 0.253976 0.064417 0.056237
0 0.047546 0.037207 0.042945 0.068507
0 0.100460 0.019882 0.039877 0.039764
0 0.088574 0.162463 0.042178 0.055215
0 0.120015 0.162974 0.034509 0.062372
0 0.214340 0.602647 0.043712 0.068507
0 0.333589 0.789764 0.042945 0.056237
0 0.342408 0.734038 0.042178 0.036810
0 0.386503 0.577596 0.038344 0.061350
0 0.381902 0.525960 0.053681 0.070552
0 0.262653 0.429334 0.031442 0.049080
0 0.374617 0.422177 0.043712 0.079755
0 0.365031 0.337310 0.044479 0.077710
0 0.282592 0.252443 0.051380 0.071575
0 0.324770 0.240684 0.037577 0.082822
0 0.383052 0.160929 0.037577 0.101227
0 0.294862 0.088332 0.043712 0.123722
0 0.300613 0.020336 0.029141 0.036810
0 0.526840 0.893547 0.032209 0.044990
0 0.623850 0.881277 0.039110 0.051125
0 0.562883 0.781584 0.050613 0.066462
0 0.499233 0.708475 0.036810 0.047035
0 0.616948 0.569416 0.049847 0.065440
0 0.632669 0.581686 0.035276 0.059305
0 0.539110 0.420132 0.047546 0.075665
0 0.623850 0.357760 0.042178 0.057260
0 0.666794 0.383322 0.032975 0.077710
0 0.669479 0.265735 0.032209 0.081800
0 0.507669 0.190070 0.030675 0.071575
0 0.514571 0.139968 0.032209 0.075665
0 0.617715 0.097023 0.028374 0.063395
0 0.557515 0.055612 0.053681 0.064417
0 0.563267 0.015224 0.036043 0.028630
0 0.613497 0.023915 0.030675 0.043967
0 0.656058 0.142013 0.028374 0.110429
0 0.711656 0.705919 0.052147 0.056237
0 0.873083 0.813281 0.054448 0.046012
0 0.870399 0.752443 0.042945 0.036810
0 0.980445 0.792320 0.039110 0.055215
0 0.986580 0.748864 0.026840 0.048057
0 0.862347 0.648148 0.045245 0.059305
0 0.985429 0.629743 0.029141 0.057260
0 0.817101 0.538741 0.037577 0.042945
0 0.968942 0.525960 0.039110 0.035787
0 0.950537 0.427800 0.048313 0.052147
0 0.808666 0.438025 0.046779 0.046012
0 0.830905 0.293342 0.043712 0.071575
0 0.916411 0.269314 0.035276 0.066462
0 0.927531 0.207453 0.037577 0.071575
0 0.850460 0.227391 0.038344 0.060327
0 0.818635 0.158884 0.034509 0.070552
0 0.731979 0.140991 0.049847 0.071575
0 0.776074 0.026017 0.027607 0.052034
0 0.855061 0.033174 0.027607 0.066348
0 0.883819 0.031584 0.034509 0.061350
0 0.988497 0.038741 0.023006 0.063395
0 0.006902 0.080152 0.013804 0.035787