0 0.070917 0.083431 0.051531 0.072634
0 0.132018 0.092756 0.050059 0.085395
0 0.075702 0.019631 0.066991 0.035336
0 0.085640 0.239988 0.085395 0.091284
0 0.026379 0.440715 0.034600 0.100118
0 0.083800 0.347958 0.056684 0.059874
0 0.077542 0.459364 0.042697 0.082450
0 0.131282 0.430899 0.066254 0.076561
0 0.199009 0.198272 0.042697 0.086376
0 0.258270 0.066745 0.052267 0.086376
0 0.180237 0.381822 0.069935 0.096192
0 0.285507 0.212996 0.099382 0.135453
0 0.292501 0.423537 0.060365 0.087358
0 0.364277 0.423537 0.043433 0.081468
0 0.412863 0.409796 0.044906 0.110915
0 0.415808 0.076561 0.064046 0.090302
0 0.415808 0.213977 0.052267 0.086376
0 0.499362 0.126129 0.030919 0.073616
0 0.512245 0.218885 0.037544 0.076561
0 0.588805 0.198272 0.050795 0.086376
0 0.619724 0.066745 0.034600 0.104044
0 0.462922 0.402434 0.040489 0.113859
0 0.569297 0.388693 0.045642 0.109933
0 0.694960 0.091480 0.047850 0.094229
0 0.640852 0.255889 0.066254 0.093247
0 0.714100 0.246565 0.043433 0.106007
0 0.777410 0.246565 0.059629 0.098155
0 0.762687 0.075775 0.056684 0.109933
0 0.813113 0.095406 0.019140 0.102081
0 0.859860 0.106203 0.058157 0.102081
0 0.917280 0.238712 0.055212 0.070671
0 0.838879 0.248037 0.054476 0.083431
0 0.970652 0.209266 0.054476 0.086376
0 0.949303 0.387907 0.055948 0.106007
0 0.861700 0.416372 0.061837 0.115823
0 0.785507 0.375147 0.044906 0.080487
0 0.743178 0.461523 0.032391 0.076561
0 0.703794 0.390852 0.053740 0.060856
0 0.960714 0.903219 0.064046 0.104044
0 0.790661 0.652925 0.055212 0.125638
0 0.722198 0.640656 0.047850 0.101099
0 0.652262 0.679918 0.055212 0.083431
0 0.592633 0.604829 0.055212 0.080487
0 0.494356 0.554280 0.029446 0.063801
0 0.725142 0.955241 0.065518 0.070671
0 0.559874 0.810954 0.025029 0.056930
0 0.592633 0.921378 0.049323 0.081468
0 0.519017 0.937574 0.041961 0.066745
0 0.441721 0.931684 0.058157 0.078524
0 0.354044 0.621025 0.044170 0.091284
0 0.297728 0.558697 0.053740 0.094229
0 0.188408 0.601394 0.058893 0.085395
0 0.079456 0.614154 0.055948 0.091284
0 0.376865 0.855124 0.063310 0.074598
0 0.304353 0.827150 0.044906 0.081468
0 0.200923 0.834020 0.055948 0.089321
0 0.116264 0.883098 0.078033 0.081468