0 0.036638 0.092524 0.027897 0.049284
0 0.076390 0.056258 0.026502 0.064162
0 0.088246 0.147387 0.039055 0.060443
0 0.130789 0.135298 0.032081 0.054863
0 0.064534 0.255719 0.044635 0.068812
0 0.008555 0.302678 0.017110 0.073461
0 0.107774 0.241771 0.044635 0.070671
0 0.164264 0.249675 0.029291 0.060443
0 0.207155 0.274781 0.027199 0.064162
0 0.269923 0.268737 0.031384 0.042775
0 0.312814 0.272922 0.030686 0.058583
0 0.382555 0.292449 0.022317 0.045564
0 0.424052 0.306863 0.025804 0.078110
0 0.467291 0.255719 0.032779 0.035336
0 0.525874 0.249675 0.023015 0.062302
0 0.225637 0.068812 0.026502 0.053933
0 0.267482 0.038125 0.027897 0.072531
0 0.310373 0.102288 0.035568 0.078110
0 0.351869 0.020922 0.016738 0.030686
0 0.382207 0.069277 0.029989 0.077181
0 0.431026 0.079505 0.032779 0.051144
0 0.478799 0.042775 0.018133 0.046494
0 0.466245 0.109727 0.025107 0.059513
0 0.516110 0.084155 0.023015 0.049284
0 0.323972 0.374279 0.033476 0.062302
0 0.267482 0.360331 0.040450 0.092059
0 0.157290 0.373814 0.041845 0.026037
0 0.156244 0.420309 0.031384 0.033476
0 0.110912 0.391017 0.029989 0.054863
0 0.075344 0.437047 0.027199 0.059513
0 0.357797 0.529105 0.043937 0.065092
0 0.403826 0.503534 0.028594 0.069741
0 0.455784 0.503534 0.026502 0.060443
0 0.507741 0.508183 0.027199 0.064162
0 0.540869 0.507253 0.020922 0.067882
0 0.300260 0.729031 0.058583 0.089269
0 0.135322 0.698810 0.042542 0.066022
0 0.017970 0.763902 0.035940 0.073461
0 0.025479 0.955458 0.039055 0.084620
0 0.078134 0.928957 0.055096 0.068812
0 0.508787 0.893156 0.054398 0.080900
0 0.587735 0.033476 0.027897 0.042775
0 0.580063 0.115771 0.023712 0.049284
0 0.779175 0.034406 0.024410 0.046494
0 0.809861 0.038590 0.020225 0.058583
0 0.890413 0.055793 0.030686 0.063232
0 0.928422 0.045564 0.021620 0.065092
0 0.939581 0.128324 0.043937 0.037195
0 0.621211 0.219918 0.040450 0.075321
0 0.675609 0.196671 0.041845 0.060443
0 0.727566 0.195276 0.023015 0.066952
0 0.814046 0.181793 0.041147 0.058583
0 0.892854 0.204575 0.031384 0.040915
0 0.935745 0.187372 0.032081 0.045564
0 0.983866 0.166450 0.026502 0.055793
0 0.925284 0.278036 0.029291 0.072531
0 0.879603 0.288730 0.042542 0.047424
0 0.748838 0.319881 0.058583 0.048354
0 0.673168 0.305003 0.031384 0.063232
0 0.635856 0.326390 0.025107 0.065092
0 0.582853 0.484471 0.044635 0.087409
0 0.649107 0.427283 0.032081 0.054863
0 0.629580 0.493305 0.026502 0.056723
0 0.675958 0.523061 0.027199 0.056723
0 0.727218 0.496094 0.029291 0.088339
0 0.772201 0.458434 0.027199 0.066952
0 0.829738 0.493305 0.030686 0.060443
0 0.884136 0.494700 0.036266 0.048354
0 0.899131 0.424958 0.035568 0.059513
0 0.957713 0.794123 0.035568 0.081830
0 0.912730 0.810396 0.051609 0.086479
0 0.841943 0.691836 0.027199 0.070671
0 0.851706 0.874558 0.029989 0.062302
0 0.740817 0.858750 0.056491 0.086479
0 0.676655 0.715548 0.053701 0.060443
0 0.689557 0.813186 0.037660 0.066022
0 0.601683 0.874558 0.026502 0.045564
0 0.508578 0.737865 0.032779 0.056723