0 0.015510 0.566339 0.031020 0.071253
0 0.128686 0.573096 0.053440 0.057740
0 0.169687 0.906020 0.035934 0.065111
0 0.244779 0.874693 0.027641 0.054054
0 0.320332 0.617936 0.035012 0.061425
0 0.296376 0.537469 0.038698 0.070025
0 0.019502 0.431818 0.017506 0.042998
0 0.030559 0.358108 0.030405 0.045455
0 0.013206 0.031941 0.026412 0.041769
0 0.052672 0.045455 0.024877 0.049140
0 0.147113 0.246314 0.035012 0.065111
0 0.229115 0.205774 0.023956 0.065111
0 0.293151 0.042998 0.041462 0.078624
0 0.352119 0.209459 0.028563 0.062654
0 0.570485 0.160934 0.024877 0.058968
0 0.612869 0.125921 0.024877 0.055283
0 0.746468 0.092138 0.035934 0.083538
0 0.795762 0.084152 0.023956 0.072482
0 0.829853 0.340909 0.025799 0.104423
0 0.902641 0.286855 0.018428 0.082310
0 0.957002 0.264128 0.023956 0.054054
0 0.651106 0.563882 0.035012 0.078624
0 0.718366 0.544840 0.040541 0.062654
0 0.893888 0.576167 0.048833 0.083538
0 0.701781 0.918919 0.036855 0.063882
0 0.511978 0.859951 0.057125 0.071253
0 0.978655 0.917690 0.041462 0.068796
0 0.436425 0.371622 0.029484 0.042998
0 0.409705 0.034398 0.027641 0.049140
0 0.394963 0.184275 0.020270 0.058968
0 0.500921 0.196560 0.016585 0.041769
0 0.670915 0.020885 0.019349 0.041769