0 0.075849 0.042697 0.046378 0.067727
0 0.011239 0.157538 0.022477 0.071653
0 0.070696 0.149195 0.047850 0.090302
0 0.126644 0.158029 0.028710 0.076561
0 0.093885 0.257656 0.030919 0.073616
0 0.025790 0.274342 0.034600 0.057911
0 0.093517 0.421084 0.033127 0.086376
0 0.138423 0.424519 0.034600 0.077542
0 0.192530 0.071653 0.036808 0.058893
0 0.252527 0.041716 0.022821 0.040243
0 0.232651 0.097664 0.028710 0.053985
0 0.330192 0.037790 0.035336 0.050059
0 0.294121 0.147723 0.036808 0.050059
0 0.149833 0.270907 0.035336 0.076561
0 0.196211 0.292501 0.026502 0.049077
0 0.206517 0.360718 0.050059 0.036317
0 0.255104 0.285630 0.033863 0.043188
0 0.305163 0.285139 0.042697 0.067727
0 0.274980 0.371516 0.027974 0.050059
0 0.320622 0.388202 0.041225 0.052022
0 0.417427 0.091284 0.040489 0.062819
0 0.580119 0.060365 0.030183 0.063801
0 0.584904 0.257165 0.042697 0.062819
0 0.502454 0.277778 0.038280 0.054967
0 0.450186 0.272379 0.033863 0.048096
0 0.444297 0.503534 0.027974 0.068708
0 0.398287 0.527091 0.030183 0.060856
0 0.356694 0.527581 0.023557 0.053985
0 0.295225 0.753828 0.059629 0.094229
0 0.545519 0.519238 0.109688 0.104044
0 0.522698 0.756969 0.025766 0.035336
0 0.511288 0.906164 0.035336 0.088339
0 0.145416 0.720161 0.066254 0.069690
0 0.074745 0.958677 0.054476 0.061837
0 0.016392 0.958677 0.032784 0.063801
0 0.671403 0.843345 0.030183 0.074598
0 0.732872 0.863467 0.050059 0.069690
0 0.943046 0.811936 0.046378 0.058893
0 0.840351 0.737829 0.072144 0.085395
0 0.870166 0.445328 0.059629 0.044170
0 0.839983 0.545936 0.075824 0.086376
0 0.727719 0.511582 0.091284 0.056930
0 0.652262 0.541519 0.034600 0.044170
0 0.658520 0.713781 0.032391 0.043188
0 0.616191 0.235571 0.033127 0.070671
0 0.635699 0.331272 0.048587 0.069690
0 0.732504 0.361209 0.049323 0.039262
0 0.863172 0.318021 0.047114 0.084413
0 0.977277 0.070181 0.027974 0.061837
0 0.902925 0.159501 0.026502 0.067727
0 0.926482 0.231645 0.026502 0.062819
0 0.887466 0.225756 0.027974 0.047114
0 0.805752 0.213977 0.047114 0.074598
0 0.750908 0.198763 0.037544 0.055948
0 0.708211 0.233608 0.028710 0.094229
0 0.782195 0.051040 0.047114 0.062819