0 0.062117 0.913486 0.124233 0.154397
0 0.920245 0.965690 0.154908 0.068620
0 0.636887 0.950863 0.060583 0.098273
0 0.066334 0.607760 0.092791 0.101227
0 0.228911 0.552034 0.085123 0.126789
0 0.386503 0.605203 0.131902 0.163599
0 0.105061 0.172177 0.098160 0.135992
0 0.209739 0.173199 0.109663 0.185072
0 0.334739 0.020393 0.055982 0.040786
0 0.384202 0.267780 0.119632 0.139059
0 0.516104 0.540275 0.087423 0.123722
0 0.694402 0.601625 0.048313 0.084867
0 0.873850 0.601113 0.100460 0.147239
0 0.988497 0.559191 0.023006 0.042945
0 0.513420 0.157351 0.017638 0.124744
0 0.673696 0.191093 0.091258 0.110429
0 0.779525 0.233015 0.075920 0.124744
0 0.843175 0.215633 0.063650 0.124744