0 0.020577 0.802211 0.041154 0.041769
0 0.168305 0.901106 0.038698 0.070025
0 0.242475 0.848894 0.041462 0.056511
0 0.353501 0.966830 0.040541 0.031941
0 0.399109 0.875921 0.048833 0.071253
0 0.512899 0.857494 0.055283 0.068796
0 0.699478 0.898034 0.043305 0.081081
0 0.985412 0.808354 0.029176 0.095823
0 0.891124 0.544226 0.039619 0.083538
0 0.725737 0.529484 0.040541 0.058968
0 0.658937 0.531941 0.041462 0.088452
0 0.531327 0.501843 0.035012 0.067568
0 0.325860 0.614251 0.038698 0.058968
0 0.295915 0.527641 0.052518 0.074939
0 0.184889 0.567568 0.036855 0.073710
0 0.130528 0.582924 0.035012 0.060197
0 0.018274 0.573710 0.036548 0.073710
0 0.025952 0.425061 0.030405 0.044226
0 0.030559 0.362408 0.019349 0.051597
0 0.008139 0.217445 0.016278 0.034398
0 0.052672 0.178747 0.039619 0.074939
0 0.009982 0.041155 0.019963 0.082310
0 0.056818 0.049140 0.029484 0.066339
0 0.141124 0.257985 0.032248 0.063882
0 0.233722 0.225430 0.025799 0.070025
0 0.353501 0.164005 0.033170 0.067568
0 0.401413 0.162162 0.029484 0.071253
0 0.505528 0.138821 0.025799 0.063882
0 0.563575 0.135749 0.025799 0.067568
0 0.614251 0.111794 0.046069 0.085995
0 0.761671 0.104423 0.025799 0.093366
0 0.800829 0.089066 0.035934 0.082310
0 0.927979 0.055897 0.032248 0.062654
0 0.982340 0.035627 0.013821 0.054054
0 0.988176 0.110565 0.023648 0.061425
0 0.986486 0.223587 0.025799 0.061425
0 0.899877 0.291155 0.027641 0.085995
0 0.822021 0.329238 0.046990 0.081081
0 0.670455 0.241400 0.029484 0.067568
0 0.658016 0.366708 0.037776 0.055283
0 0.447482 0.374079 0.036855 0.060197
0 0.405098 0.328624 0.022113 0.047912
0 0.340141 0.359337 0.024877 0.057740
0 0.233262 0.416462 0.032248 0.034398
0 0.307432 0.037469 0.044226 0.074938