0 0.031020 0.877150 0.033170 0.085995
0 0.066953 0.815111 0.027641 0.050369
0 0.162776 0.812039 0.071867 0.108108
0 0.359029 0.734029 0.081081 0.084767
0 0.347052 0.528870 0.053440 0.072482
0 0.442414 0.507371 0.061732 0.066339
0 0.452088 0.442875 0.036855 0.060197
0 0.575092 0.341523 0.035934 0.058968
0 0.594902 0.342138 0.031327 0.097052
0 0.620700 0.462531 0.029484 0.072482
0 0.665387 0.555283 0.061732 0.071253
0 0.743704 0.218059 0.063575 0.109337
0 0.479730 0.220516 0.022113 0.067568
0 0.541462 0.203931 0.042383 0.056511
0 0.569564 0.136364 0.041462 0.066339
0 0.614711 0.092752 0.019349 0.072482
0 0.653870 0.086609 0.044226 0.094595
0 0.530866 0.025184 0.043305 0.050368
0 0.766278 0.106265 0.031327 0.067568
0 0.867629 0.259828 0.051597 0.082310
0 0.936271 0.312039 0.034091 0.078624
0 0.981265 0.275799 0.037469 0.055283
0 0.074324 0.495700 0.049754 0.067568
0 0.012592 0.216830 0.018428 0.060197
0 0.048065 0.216216 0.030405 0.085995
0 0.074785 0.134521 0.028563 0.055283
0 0.161394 0.042998 0.021192 0.071253
0 0.190418 0.293612 0.060811 0.108108
0 0.227273 0.277641 0.049754 0.036855
0 0.256757 0.236486 0.044226 0.074939
0 0.334152 0.076167 0.038698 0.098280
0 0.457617 0.050983 0.036855 0.072482
0 0.908170 0.059582 0.040541 0.067568
0 0.993704 0.045455 0.012592 0.051597