0 0.133753 0.487101 0.032248 0.065111
0 0.088145 0.460688 0.033170 0.073710
0 0.104269 0.847052 0.046990 0.060197
0 0.018274 0.871622 0.036548 0.084767
0 0.249846 0.853808 0.061732 0.054054
0 0.506910 0.786241 0.048833 0.073710
0 0.536394 0.847052 0.039619 0.045455
0 0.592598 0.527641 0.045147 0.050369
0 0.840448 0.530713 0.052518 0.073710
0 0.961149 0.488943 0.023034 0.066339
0 0.940418 0.777027 0.033170 0.052826
0 0.672758 0.746929 0.019349 0.076167
0 0.396806 0.104423 0.029484 0.068796
0 0.328624 0.111179 0.027641 0.052826
0 0.206542 0.105651 0.030405 0.058968
0 0.124079 0.125307 0.025799 0.066339
0 0.165541 0.019042 0.025799 0.033170
0 0.828010 0.070025 0.023956 0.076167
0 0.871775 0.091523 0.013821 0.040541
0 0.839066 0.297912 0.018428 0.070025
0 0.462224 0.328010 0.035012 0.071253
0 0.634521 0.112408 0.042383 0.065111
0 0.626689 0.305897 0.021192 0.068796