0 0.025952 0.557740 0.045147 0.068796
0 0.130989 0.587224 0.037776 0.076167
0 0.183507 0.888206 0.030405 0.073710
0 0.252150 0.859951 0.029484 0.051597
0 0.188575 0.587838 0.042383 0.070025
0 0.295915 0.534398 0.050676 0.068796
0 0.310197 0.611179 0.035012 0.055283
0 0.518428 0.859337 0.058968 0.055283
0 0.707770 0.915233 0.035934 0.068796
0 0.978194 0.902334 0.040541 0.067568
0 0.657555 0.558354 0.040541 0.077396
0 0.718366 0.547912 0.062654 0.068796
0 0.897113 0.581081 0.035012 0.081081
0 0.535012 0.527641 0.036855 0.082310
0 0.429975 0.362408 0.033170 0.054054
0 0.397727 0.369779 0.029484 0.049140
0 0.021806 0.423219 0.033170 0.052826
0 0.032862 0.358722 0.022113 0.071253
0 0.011364 0.227887 0.022727 0.047912
0 0.053133 0.246314 0.029484 0.047912
0 0.142967 0.248157 0.034091 0.061425
0 0.235565 0.211302 0.025799 0.061425
0 0.358108 0.197174 0.036855 0.055283
0 0.010903 0.037469 0.021806 0.047912
0 0.051751 0.039926 0.028563 0.065111
0 0.123618 0.020270 0.050676 0.040540
0 0.295915 0.038698 0.048833 0.077396
0 0.500461 0.203931 0.021192 0.051597
0 0.404638 0.185504 0.026720 0.076167
0 0.570946 0.157248 0.023956 0.058968
0 0.608722 0.136364 0.027641 0.068796
0 0.760749 0.109951 0.025799 0.074939
0 0.807740 0.089066 0.025799 0.077396
0 0.982647 0.042998 0.034705 0.049140
0 0.828471 0.350737 0.032248 0.089681
0 0.903102 0.298526 0.032248 0.073710
0 0.645117 0.409091 0.021192 0.039312
0 0.683354 0.312039 0.020270 0.061425
0 0.411548 0.035012 0.022113 0.057740
0 0.548833 0.066953 0.033170 0.057740