0 0.032402 0.598280 0.030405 0.044226
0 0.125461 0.581081 0.046990 0.066339
0 0.207002 0.603808 0.022113 0.033170
0 0.189496 0.915233 0.033170 0.063882
0 0.275184 0.855037 0.018428 0.054054
0 0.334152 0.635135 0.020270 0.031941
0 0.307432 0.575553 0.023956 0.040541
0 0.137899 0.246314 0.033170 0.050369
0 0.830313 0.358108 0.037776 0.050369
0 0.905866 0.313268 0.017506 0.073710
0 0.716523 0.944103 0.049754 0.084767
0 0.893428 0.589066 0.042383 0.072482
0 0.016431 0.044226 0.032862 0.056511
0 0.053593 0.035627 0.034091 0.054054
0 0.747850 0.109951 0.027641 0.070025
0 0.803593 0.113636 0.043305 0.074939
0 0.242015 0.227887 0.023956 0.033170