0 0.383907 0.868550 0.025799 0.051597
0 0.163237 0.461916 0.034091 0.066339
0 0.215295 0.394963 0.025799 0.050369
0 0.099662 0.245086 0.030405 0.082310
0 0.083077 0.132678 0.032248 0.054054
0 0.154484 0.098280 0.020270 0.054054
0 0.197328 0.132678 0.017506 0.036855
0 0.270577 0.227273 0.031327 0.056511
0 0.285780 0.268428 0.024877 0.028256
0 0.408784 0.201474 0.046069 0.076167
0 0.458538 0.402334 0.031327 0.055283
0 0.588913 0.612408 0.028563 0.092138
0 0.583845 0.933661 0.022113 0.061425
0 0.716063 0.934275 0.050676 0.015971
0 0.229576 0.864865 0.026720 0.039312