0 0.014571 0.971825 0.029141 0.056350
0 0.052147 0.901216 0.059816 0.060327
0 0.009202 0.784140 0.018404 0.049080
0 0.064034 0.596512 0.051380 0.054192
0 0.215874 0.622075 0.048313 0.093047
0 0.067101 0.446717 0.045245 0.065440
0 0.057899 0.380254 0.060583 0.063395
0 0.014571 0.306635 0.029141 0.063395
0 0.041794 0.271870 0.060583 0.055215
0 0.083206 0.182913 0.037577 0.055215
0 0.040261 0.043342 0.037577 0.062372
0 0.086656 0.023915 0.041411 0.046012
0 0.105828 0.162974 0.036810 0.054192
0 0.331672 0.805101 0.039110 0.050102
0 0.342025 0.741706 0.030675 0.046012
0 0.383819 0.556124 0.057515 0.114519
0 0.263804 0.428823 0.027607 0.050102
0 0.381135 0.419109 0.041411 0.065440
0 0.353911 0.339355 0.043712 0.073620
0 0.270322 0.266246 0.055982 0.076687
0 0.327454 0.252954 0.035276 0.062372
0 0.375000 0.177800 0.046012 0.094070
0 0.291411 0.106737 0.046012 0.135992
0 0.295629 0.026983 0.032975 0.052147
0 0.536043 0.920132 0.023006 0.030675
0 0.620015 0.916042 0.034509 0.042945
0 0.563267 0.780050 0.052914 0.071575
0 0.500000 0.713077 0.033742 0.027607
0 0.609279 0.562259 0.043712 0.069530
0 0.541028 0.434958 0.045245 0.066462
0 0.621166 0.359805 0.036810 0.057260
0 0.662193 0.389968 0.025307 0.062372
0 0.670245 0.273915 0.039877 0.071575
0 0.505752 0.177800 0.039110 0.114519
0 0.547163 0.078618 0.048313 0.059305
0 0.557899 0.017780 0.042178 0.033742
0 0.612347 0.027551 0.029908 0.055101
0 0.611580 0.121563 0.034509 0.055215
0 0.651840 0.156839 0.032209 0.099182
0 0.704755 0.736083 0.049080 0.057260
0 0.872699 0.825040 0.058282 0.049080
0 0.976227 0.824017 0.047546 0.063395
0 0.984279 0.765735 0.031442 0.051125
0 0.872699 0.769314 0.044479 0.035787
0 0.863113 0.658373 0.049847 0.067485
0 0.983896 0.673199 0.032208 0.064417
0 0.812117 0.556635 0.038344 0.041922
0 0.811733 0.461543 0.046779 0.048057
0 0.953988 0.441093 0.053681 0.058282
0 0.846242 0.312259 0.048313 0.076687
0 0.923696 0.290786 0.040644 0.058282
0 0.927914 0.240684 0.033742 0.048057
0 0.847393 0.248864 0.042945 0.064417
0 0.738113 0.154794 0.046779 0.064417
0 0.806365 0.186492 0.031442 0.064417
0 0.773773 0.031072 0.026074 0.060327
0 0.840874 0.070439 0.025307 0.069530
0 0.886887 0.038798 0.031442 0.077596
0 0.633436 0.592422 0.027607 0.056237