0 0.015356 0.562654 0.023956 0.071253
0 0.127764 0.584767 0.049754 0.068796
0 0.172912 0.902948 0.035012 0.068796
0 0.294994 0.531327 0.043305 0.062654
0 0.314343 0.608722 0.043305 0.050369
0 0.533630 0.523956 0.034091 0.057740
0 0.658477 0.552826 0.051597 0.073710
0 0.736333 0.546683 0.043305 0.054054
0 0.901720 0.583538 0.040541 0.108108
0 0.507371 0.855037 0.051597 0.076167
0 0.708692 0.923833 0.035934 0.078624
0 0.835381 0.345823 0.038698 0.089681
0 0.906327 0.306511 0.040541 0.067568
0 0.962991 0.277641 0.021192 0.066339
0 0.758907 0.106880 0.038698 0.081081
0 0.804515 0.098280 0.026720 0.078624
0 0.927058 0.111179 0.030405 0.062654
0 0.623464 0.148649 0.042383 0.071253
0 0.572328 0.170147 0.024877 0.070025
0 0.507832 0.194717 0.030405 0.052826
0 0.396806 0.188575 0.029484 0.067568
0 0.359490 0.203317 0.039619 0.070025
0 0.301443 0.039926 0.030405 0.079852
0 0.407402 0.030713 0.026720 0.049140
0 0.489404 0.017813 0.035934 0.035626
0 0.547912 0.069410 0.042383 0.060197
0 0.237408 0.212531 0.025799 0.071253
0 0.142045 0.247543 0.039619 0.072482
0 0.051751 0.038084 0.039619 0.076167
0 0.008600 0.028870 0.017199 0.045455
0 0.027334 0.352580 0.023956 0.054054
0 0.020885 0.429361 0.025799 0.060197
0 0.056357 0.246314 0.028563 0.050369
0 0.012285 0.226658 0.024570 0.040541
0 0.681050 0.316339 0.019349 0.074939
0 0.646499 0.413391 0.035012 0.047912
0 0.979423 0.910319 0.041154 0.071253