0 0.015721 0.961600 0.031442 0.076800
0 0.046779 0.887923 0.047546 0.058282
0 0.018788 0.757555 0.037576 0.053170
0 0.064034 0.584242 0.049847 0.062372
0 0.229294 0.850602 0.035276 0.049080
0 0.212423 0.601625 0.053681 0.068507
0 0.062500 0.428823 0.045245 0.080777
0 0.046779 0.366451 0.065951 0.070552
0 0.013037 0.315837 0.024540 0.067485
0 0.032209 0.264713 0.062883 0.063395
0 0.081288 0.168087 0.049080 0.070552
0 0.118482 0.160418 0.039110 0.063395
0 0.006902 0.083220 0.013804 0.037832
0 0.044479 0.035219 0.047546 0.070438
0 0.098543 0.019371 0.045245 0.038741
0 0.333972 0.786185 0.042178 0.067485
0 0.342025 0.729948 0.044479 0.044990
0 0.389187 0.577596 0.037577 0.071575
0 0.383819 0.526983 0.052914 0.076687
0 0.266488 0.431890 0.031442 0.054192
0 0.373850 0.421154 0.040644 0.083845
0 0.367331 0.333220 0.041411 0.081800
0 0.279141 0.254999 0.047546 0.076687
0 0.325537 0.244774 0.026840 0.080777
0 0.294479 0.084753 0.041411 0.118609
0 0.301764 0.021359 0.028374 0.038855
0 0.383819 0.165531 0.036043 0.104294
0 0.529141 0.889457 0.033742 0.053170
0 0.627684 0.873608 0.039110 0.052147
0 0.565184 0.773404 0.059816 0.060327
0 0.610429 0.568394 0.044479 0.067485
0 0.636120 0.576062 0.040644 0.066462
0 0.709356 0.704385 0.058282 0.053170
0 0.542178 0.415019 0.041411 0.081800
0 0.625767 0.358782 0.039877 0.059305
0 0.669095 0.376165 0.032975 0.073620
0 0.667178 0.253465 0.030675 0.089980
0 0.506518 0.193649 0.032975 0.082822
0 0.511503 0.131788 0.035276 0.079755
0 0.560583 0.054079 0.052147 0.069530
0 0.613880 0.026017 0.034509 0.052034
0 0.612347 0.091400 0.037577 0.070552
0 0.647623 0.140479 0.028374 0.113497
0 0.728911 0.140479 0.046779 0.070552
0 0.809433 0.152749 0.026840 0.078732
0 0.775307 0.025449 0.023006 0.047035
0 0.850077 0.032663 0.028374 0.065326
0 0.875767 0.028573 0.030675 0.057146
0 0.852377 0.223813 0.037577 0.067485
0 0.833206 0.283117 0.045245 0.085890
0 0.925613 0.203874 0.035276 0.072597
0 0.910660 0.273404 0.042178 0.070552
0 0.810199 0.432913 0.051380 0.048057
0 0.950153 0.426267 0.049080 0.057260
0 0.812500 0.537207 0.040644 0.041922
0 0.861580 0.642524 0.046779 0.050102
0 0.984663 0.621052 0.030674 0.058282
0 0.967025 0.528005 0.042945 0.043967
0 0.874233 0.746819 0.046012 0.041922
0 0.874233 0.812770 0.062883 0.051125
0 0.989647 0.739150 0.020706 0.047035
0 0.978528 0.787719 0.042944 0.060327
0 0.559049 0.011645 0.038344 0.021472
0 0.495015 0.707964 0.043712 0.050102