0 0.087224 0.951474 0.066339 0.082310
0 0.203317 0.944103 0.047912 0.079853
0 0.330467 0.954545 0.031327 0.066339
0 0.384367 0.915848 0.039619 0.070025
0 0.438268 0.888821 0.036855 0.072482
0 0.090448 0.641892 0.059889 0.082310
0 0.042537 0.501229 0.037776 0.076167
0 0.170147 0.535012 0.025799 0.060197
0 0.215295 0.397420 0.042383 0.067568
0 0.314343 0.356265 0.035934 0.063882
0 0.132832 0.200860 0.052518 0.077396
0 0.261364 0.041769 0.035012 0.056511
0 0.428133 0.149877 0.038698 0.068796
0 0.498618 0.128378 0.037776 0.077396
0 0.536855 0.199631 0.038698 0.067568
0 0.871775 0.377764 0.024877 0.079853
0 0.928440 0.344595 0.033170 0.052826
0 0.937654 0.718673 0.068182 0.078624
0 0.495854 0.428747 0.037776 0.081081
0 0.591677 0.463145 0.032248 0.068796