0 0.024570 0.571253 0.033170 0.068796
0 0.135596 0.586609 0.034091 0.067568
0 0.190418 0.882678 0.040541 0.077396
0 0.056818 0.855037 0.038698 0.031941
0 0.271499 0.856265 0.031327 0.054054
0 0.202856 0.608108 0.024877 0.066339
0 0.297758 0.556511 0.019349 0.061425
0 0.325399 0.619779 0.019349 0.057740
0 0.544687 0.546069 0.019349 0.035627
0 0.653409 0.544226 0.026720 0.058968
0 0.722973 0.544840 0.035012 0.052826
0 0.701781 0.903563 0.042383 0.052826
0 0.522113 0.859337 0.046069 0.055283
0 0.878225 0.572482 0.035934 0.076167
0 0.964373 0.910319 0.047912 0.058968
0 0.821560 0.347666 0.031327 0.073710
0 0.915541 0.299754 0.023956 0.066339
0 0.972205 0.281941 0.030405 0.050369
0 0.675061 0.345823 0.016585 0.042998
0 0.430897 0.364865 0.018428 0.056511
0 0.401873 0.398034 0.023034 0.017199
0 0.142967 0.242015 0.023034 0.056511
0 0.016278 0.239558 0.029484 0.054054
0 0.035166 0.361794 0.026720 0.052826
0 0.019963 0.430590 0.022113 0.057740
0 0.241093 0.211916 0.020270 0.065111
0 0.014435 0.033170 0.018428 0.044226
0 0.049908 0.043612 0.021192 0.067568
0 0.149877 0.033170 0.027641 0.049140
0 0.309736 0.052826 0.030405 0.076167
0 0.352119 0.230344 0.024877 0.060197
0 0.406941 0.210074 0.022113 0.054054
0 0.419840 0.055897 0.016585 0.040541
0 0.491247 0.019042 0.024877 0.033170
0 0.509674 0.208231 0.008292 0.047912
0 0.564496 0.191032 0.016585 0.045455
0 0.616554 0.151720 0.032248 0.057740
0 0.672297 0.028256 0.029484 0.049140
0 0.756143 0.108108 0.036855 0.066339
0 0.805897 0.100123 0.025799 0.062654
0 0.910934 0.027641 0.023956 0.045455
0 0.980498 0.044226 0.026720 0.044226
0 0.896652 0.147420 0.023034 0.036855