0 0.023649 0.568796 0.035012 0.058968
0 0.129607 0.580467 0.044226 0.072482
0 0.188575 0.561425 0.023956 0.056511
0 0.286241 0.542383 0.033170 0.067568
0 0.318028 0.609337 0.028563 0.041769
0 0.539158 0.516585 0.023034 0.047912
0 0.662162 0.557125 0.044226 0.065111
0 0.718827 0.552211 0.043305 0.055283
0 0.890663 0.583538 0.047912 0.073710
0 0.822021 0.355651 0.043305 0.089681
0 0.901259 0.309582 0.043305 0.071253
0 0.962070 0.228501 0.032248 0.076167
0 0.758907 0.099509 0.029484 0.085995
0 0.805436 0.085381 0.028563 0.079853
0 0.923372 0.077396 0.021192 0.051597
0 0.987254 0.105037 0.025491 0.070025
0 0.612408 0.119165 0.027641 0.073710
0 0.560811 0.131450 0.022113 0.061425
0 0.501843 0.148649 0.022113 0.054054
0 0.017660 0.431204 0.034091 0.056511
0 0.024570 0.351351 0.027641 0.056511
0 0.145270 0.258600 0.029484 0.052826
0 0.241093 0.224816 0.020270 0.063882
0 0.294072 0.033784 0.050676 0.062654
0 0.347052 0.199017 0.035012 0.095823
0 0.394963 0.167076 0.027641 0.071253
0 0.054975 0.046069 0.033170 0.060197
0 0.009982 0.033784 0.019963 0.050369
0 0.476505 0.012899 0.026720 0.025798
0 0.541923 0.031941 0.035934 0.044226