0 0.031020 0.525799 0.058968 0.088452
0 0.211609 0.205160 0.033170 0.049140
0 0.096437 0.036855 0.068182 0.063882
0 0.724816 0.202088 0.012899 0.042998
0 0.517506 0.121007 0.025799 0.038084
0 0.862561 0.164619 0.041462 0.120393
0 0.352580 0.108108 0.018428 0.044226
0 0.792537 0.506757 0.028563 0.060197
0 0.765356 0.756143 0.023956 0.040541
0 0.959767 0.751229 0.022113 0.045455
0 0.232801 0.746929 0.033170 0.054054
0 0.166462 0.761057 0.047912 0.065111
0 0.231419 0.535627 0.019349 0.044226
0 0.305129 0.514742 0.024877 0.056511
0 0.006296 0.392506 0.012592 0.050369
0 0.086302 0.393120 0.029484 0.056511