0 0.070936 0.920132 0.141871 0.130879
0 0.389954 0.616962 0.167945 0.195297
0 0.526074 0.543342 0.079755 0.127812
0 0.240414 0.580152 0.069785 0.138037
0 0.055982 0.601625 0.072086 0.097137
0 0.099693 0.221257 0.061350 0.123722
0 0.199387 0.179334 0.118098 0.170757
0 0.320552 0.047944 0.038344 0.087935
0 0.395706 0.281584 0.084356 0.133947
0 0.606212 0.938082 0.106595 0.123835
0 0.874617 0.607248 0.128067 0.098160
0 0.990414 0.564815 0.019172 0.066462
0 0.888420 0.980005 0.080521 0.039990
0 0.774923 0.241195 0.068252 0.120654
0 0.846242 0.238639 0.042178 0.101227
0 0.629218 0.270336 0.055982 0.091002
0 0.590874 0.035219 0.078988 0.070438
0 0.674463 0.019371 0.040644 0.038741