0 0.111333 0.037414 0.028840 0.047807
0 0.069632 0.137186 0.049886 0.095614
0 0.063396 0.273852 0.018707 0.057161
0 0.102759 0.281646 0.033517 0.064436
0 0.167065 0.269175 0.026502 0.076907
0 0.209156 0.276450 0.029620 0.070671
0 0.126143 0.411557 0.074049 0.054043
0 0.223186 0.069632 0.020266 0.081064
0 0.265277 0.035336 0.038973 0.062357
0 0.353357 0.029620 0.053004 0.046768
0 0.292169 0.119518 0.044429 0.060279
0 0.298794 0.278528 0.051445 0.064436
0 0.261380 0.387134 0.059239 0.055082
0 0.368946 0.530555 0.040532 0.059239
0 0.411427 0.534192 0.027281 0.070671
0 0.459364 0.513407 0.031179 0.083143
0 0.520552 0.511328 0.044429 0.097693
0 0.598109 0.497818 0.040532 0.076907
0 0.383756 0.305550 0.017148 0.116400
0 0.416493 0.319060 0.026502 0.087300
0 0.457415 0.265537 0.031958 0.065475
0 0.522111 0.251507 0.033517 0.049886
0 0.421170 0.071191 0.026502 0.075868
0 0.465600 0.043130 0.029620 0.057161
0 0.550171 0.048846 0.053783 0.062357
0 0.610580 0.236957 0.026502 0.078986
0 0.721264 0.227603 0.037414 0.076907
0 0.753222 0.177718 0.042091 0.068593
0 0.815579 0.180836 0.048327 0.076907
0 0.891187 0.207337 0.038973 0.069632
0 0.920027 0.122116 0.031179 0.057161
0 0.936396 0.203180 0.037414 0.063396
0 0.982774 0.173041 0.031958 0.086261
0 0.894694 0.290480 0.064695 0.057161
0 0.733735 0.329453 0.037414 0.064436
0 0.652671 0.330493 0.043650 0.074829
0 0.892356 0.424028 0.039753 0.058200
0 0.879885 0.503534 0.039753 0.082104
0 0.775436 0.468198 0.044429 0.071711
0 0.729838 0.486385 0.029620 0.085221
0 0.680732 0.525878 0.037414 0.066514
0 0.650333 0.445334 0.026502 0.059239
0 0.853773 0.706402 0.038973 0.069632
0 0.952764 0.793702 0.038973 0.065475
0 0.652671 0.717834 0.031179 0.053004
0 0.680732 0.819684 0.024943 0.065475
0 0.520942 0.749532 0.032737 0.043650
0 0.302692 0.739139 0.048327 0.097693
0 0.147578 0.719913 0.037414 0.077946
0 0.027931 0.962586 0.045988 0.074828