0 0.072066 0.083225 0.053004 0.062302
0 0.141459 0.103217 0.043937 0.065092
0 0.089153 0.254324 0.052306 0.088339
0 0.266645 0.083225 0.033476 0.079040
0 0.211549 0.109727 0.044635 0.070671
0 0.271527 0.197601 0.034871 0.069741
0 0.320695 0.246420 0.041147 0.072531
0 0.100312 0.360796 0.035568 0.078110
0 0.193416 0.388693 0.048819 0.089269
0 0.134136 0.430537 0.041845 0.046494
0 0.299772 0.440766 0.049516 0.079970
0 0.366375 0.450065 0.040450 0.063232
0 0.428097 0.428678 0.032779 0.083690
0 0.471685 0.396132 0.046029 0.081830
0 0.404733 0.091594 0.040450 0.095778
0 0.421471 0.215734 0.051609 0.078110
0 0.454947 0.090664 0.046029 0.071601
0 0.501674 0.141808 0.025107 0.071601
0 0.216780 0.244560 0.064860 0.076251
0 0.624907 0.088804 0.031384 0.082760
0 0.594221 0.228752 0.034173 0.066952
0 0.640250 0.249210 0.025804 0.091129
0 0.573298 0.404966 0.059280 0.079040
0 0.713827 0.107867 0.037660 0.092989
0 0.765087 0.111586 0.038358 0.092989
0 0.823322 0.109727 0.023712 0.087409
0 0.864120 0.129719 0.036963 0.073461
0 0.847731 0.264553 0.073926 0.054863
0 0.786010 0.253859 0.041147 0.083690
0 0.734052 0.264088 0.040450 0.085550
0 0.867259 0.435187 0.055793 0.085550
0 0.785312 0.396132 0.055096 0.057653
0 0.714874 0.406825 0.039753 0.036266
0 0.747652 0.464943 0.034173 0.052074
0 0.605519 0.596522 0.071834 0.077181
0 0.497071 0.577460 0.041845 0.057653
0 0.641784 0.702529 0.050911 0.079040
0 0.712572 0.678352 0.054398 0.066022
0 0.798354 0.697415 0.044635 0.081830
0 0.948298 0.935466 0.089269 0.096708
0 0.706993 0.942440 0.034871 0.043705
0 0.756509 0.979171 0.040450 0.037195
0 0.592617 0.927097 0.041845 0.065092
0 0.512414 0.957318 0.047424 0.051144
0 0.463246 0.945695 0.038358 0.053933
0 0.404036 0.891761 0.051609 0.068812
0 0.311280 0.847592 0.046029 0.047424
0 0.210852 0.845732 0.044635 0.073461
0 0.127859 0.905710 0.068347 0.085550
0 0.354171 0.640692 0.035568 0.057653
0 0.303259 0.596987 0.039753 0.074391
0 0.198996 0.596057 0.059978 0.068812
0 0.124372 0.647201 0.036266 0.055793
0 0.018110 0.485866 0.036219 0.081272