0 0.170608 0.318182 0.054361 0.103194
0 0.220362 0.271499 0.045147 0.095823
0 0.351658 0.523956 0.033170 0.052826
0 0.405098 0.500614 0.057125 0.097052
0 0.571407 0.512899 0.026720 0.065111
0 0.478348 0.567568 0.035934 0.063882
0 0.529023 0.337838 0.032248 0.041769
0 0.579699 0.356880 0.032248 0.065111
0 0.757985 0.095209 0.047912 0.084767
0 0.875000 0.060811 0.038698 0.082310
0 0.991400 0.044840 0.017199 0.079853
0 0.844134 0.280098 0.034091 0.058968
0 0.891124 0.308968 0.039619 0.097052
0 0.936271 0.314496 0.030405 0.061425
0 0.980498 0.288698 0.032248 0.093366
0 0.672297 0.192260 0.049754 0.126536
0 0.600430 0.092752 0.033170 0.077396
0 0.528563 0.139435 0.057125 0.104423
0 0.523956 0.237101 0.042383 0.049140
0 0.449785 0.253071 0.048833 0.071253
0 0.463606 0.046069 0.046990 0.072482
0 0.379300 0.101966 0.047912 0.061425
0 0.261364 0.080467 0.049754 0.084767
0 0.115326 0.107494 0.023034 0.042998
0 0.068335 0.060811 0.021192 0.045455
0 0.023649 0.265356 0.044226 0.110565
0 0.023188 0.490172 0.041462 0.085995
0 0.142045 0.800983 0.076474 0.117936
0 0.334152 0.735872 0.070025 0.127764