0 0.173833 0.901720 0.044226 0.073710
0 0.227273 0.867936 0.038698 0.062654
0 0.015510 0.572482 0.031020 0.061425
0 0.127303 0.576167 0.048833 0.054054
0 0.177979 0.557740 0.032248 0.056511
0 0.282555 0.538084 0.047912 0.054054
0 0.313421 0.615479 0.054361 0.051597
0 0.391738 0.889435 0.039619 0.061425
0 0.353501 0.968059 0.046069 0.017199
0 0.501382 0.866708 0.035934 0.065111
0 0.699478 0.920762 0.032248 0.079853
0 0.978194 0.874079 0.042383 0.079853
0 0.650184 0.546069 0.040541 0.067568
0 0.729883 0.550369 0.039619 0.066339
0 0.901720 0.565725 0.038698 0.082310
0 0.527181 0.520270 0.023034 0.060197
0 0.437346 0.372850 0.023956 0.055283
0 0.374693 0.323096 0.023956 0.049140
0 0.137899 0.245700 0.027641 0.056511
0 0.277027 0.337838 0.029484 0.041769
0 0.225891 0.409091 0.034091 0.036855
0 0.027334 0.367322 0.029484 0.044226
0 0.022420 0.147420 0.044840 0.061425
0 0.009521 0.035627 0.019042 0.056511
0 0.050369 0.047912 0.027641 0.066339
0 0.294994 0.052826 0.037776 0.034398
0 0.282555 0.020270 0.058968 0.040540
0 0.330467 0.173219 0.031327 0.083538
0 0.378378 0.164619 0.027641 0.058968
0 0.485719 0.129607 0.021192 0.057740
0 0.480190 0.018428 0.026720 0.036855
0 0.536855 0.025184 0.027641 0.050368
0 0.558507 0.149877 0.028563 0.066339
0 0.605958 0.122850 0.029484 0.081081
0 0.647881 0.238943 0.026720 0.084767
0 0.632217 0.376536 0.034091 0.045455
0 0.821100 0.345209 0.032248 0.081081
0 0.898034 0.297912 0.018428 0.077396
0 0.965295 0.252457 0.029484 0.077396
0 0.756603 0.111179 0.030405 0.077396
0 0.806818 0.097052 0.029484 0.078624
0 0.909552 0.081695 0.023034 0.070025
0 0.973587 0.035627 0.047912 0.056511
0 0.986333 0.116093 0.027334 0.079853
0 0.671837 0.014742 0.023034 0.029484