0 0.072360 0.029100 0.055342 0.058200
0 0.087949 0.108605 0.050665 0.065475
0 0.143291 0.085741 0.047547 0.071711
0 0.210325 0.100811 0.042871 0.078986
0 0.261380 0.072230 0.049886 0.069632
0 0.088729 0.240075 0.067813 0.074829
0 0.212274 0.193307 0.054562 0.062357
0 0.286323 0.214612 0.077946 0.127832
0 0.401684 0.093016 0.037414 0.098732
0 0.442216 0.072230 0.032737 0.082104
0 0.412596 0.209936 0.068593 0.093536
0 0.492881 0.134068 0.045209 0.058200
0 0.516655 0.218769 0.033517 0.059239
0 0.612918 0.067554 0.054562 0.089379
0 0.589534 0.210975 0.042091 0.091457
0 0.025592 0.445853 0.033517 0.074829
0 0.085221 0.335169 0.046768 0.061318
0 0.082104 0.446893 0.040532 0.060279
0 0.130820 0.421430 0.033517 0.067554
0 0.186941 0.399605 0.047547 0.075868
0 0.294118 0.421950 0.060798 0.083143
0 0.570048 0.389732 0.040532 0.093536
0 0.469497 0.405841 0.054562 0.092496
0 0.411817 0.395968 0.042091 0.083143
0 0.359593 0.426107 0.048327 0.074829
0 0.706064 0.095614 0.049106 0.095614
0 0.763745 0.085221 0.039753 0.095614
0 0.812851 0.099252 0.039753 0.102889
0 0.862347 0.114841 0.042091 0.088339
0 0.987295 0.214612 0.025410 0.098732
0 0.935616 0.236437 0.059239 0.073789
0 0.840132 0.248909 0.061578 0.086261
0 0.775047 0.243712 0.042091 0.077946
0 0.718925 0.248389 0.035855 0.087300
0 0.649943 0.252546 0.047547 0.078986
0 0.864685 0.417793 0.063916 0.076907
0 0.780113 0.369985 0.036635 0.054043
0 0.741920 0.466639 0.038194 0.068593
0 0.712690 0.399085 0.031179 0.074829
0 0.599667 0.562253 0.063916 0.085221
0 0.504963 0.542507 0.028840 0.072750
0 0.795703 0.671066 0.047547 0.080025
0 0.721264 0.648722 0.056121 0.089379
0 0.643317 0.677302 0.056121 0.071711
0 0.956662 0.903866 0.079505 0.086261
0 0.749324 0.961027 0.049886 0.050925
0 0.591873 0.809291 0.038973 0.063396
0 0.586417 0.923093 0.062357 0.076907
0 0.516265 0.943879 0.048327 0.081064
0 0.446893 0.929848 0.062357 0.077946
0 0.381418 0.852941 0.048327 0.102889
0 0.353747 0.619102 0.039753 0.092496
0 0.299574 0.562981 0.067034 0.100811
0 0.192398 0.593120 0.070931 0.111203
0 0.091847 0.623259 0.063137 0.100811
0 0.298405 0.838391 0.055342 0.104968
0 0.211494 0.838911 0.065475 0.089379
0 0.114451 0.892434 0.084962 0.077946