0 0.078986 0.027021 0.053004 0.041571
0 0.089508 0.241634 0.056901 0.088339
0 0.146020 0.090937 0.046768 0.071711
0 0.253975 0.060798 0.042871 0.084182
0 0.206818 0.202661 0.032737 0.087300
0 0.266836 0.181355 0.048327 0.063396
0 0.321009 0.249428 0.052224 0.087300
0 0.397397 0.089379 0.042871 0.085221
0 0.440657 0.073789 0.043650 0.074829
0 0.503404 0.127312 0.047547 0.053004
0 0.517434 0.214093 0.041312 0.058200
0 0.593821 0.205778 0.050665 0.074829
0 0.569658 0.366348 0.067813 0.071711
0 0.465210 0.381937 0.049106 0.069632
0 0.411817 0.387653 0.034296 0.097693
0 0.356864 0.422989 0.031958 0.068593
0 0.299184 0.415194 0.049106 0.088339
0 0.192398 0.388693 0.036635 0.049886
0 0.108216 0.345562 0.031958 0.075868
0 0.145240 0.437539 0.029620 0.083143
0 0.026762 0.452089 0.035855 0.049886
0 0.496778 0.544585 0.034296 0.070671
0 0.616036 0.069112 0.045209 0.086261
0 0.412986 0.206818 0.067813 0.085221
0 0.636692 0.261380 0.047547 0.071711
0 0.697100 0.087820 0.035855 0.080025
0 0.756729 0.076387 0.050665 0.084182
0 0.815189 0.102889 0.030399 0.076907
0 0.854552 0.110684 0.040532 0.086261
0 0.713859 0.243712 0.039753 0.100811
0 0.764134 0.243193 0.035855 0.103928
0 0.829219 0.246830 0.039753 0.098732
0 0.871700 0.410518 0.054562 0.085221
0 0.775047 0.376221 0.031179 0.054043
0 0.709962 0.394928 0.039753 0.049886
0 0.739581 0.456766 0.058460 0.063396
0 0.983787 0.242465 0.032426 0.104968
0 0.790402 0.666909 0.066254 0.092496
0 0.710507 0.644045 0.051445 0.088339
0 0.608008 0.582727 0.058460 0.075868
0 0.651268 0.683018 0.038973 0.070671
0 0.960715 0.906984 0.062357 0.075868
0 0.753378 0.982852 0.038973 0.034296
0 0.703882 0.936084 0.036635 0.059239
0 0.597485 0.903866 0.065475 0.092496
0 0.521097 0.944918 0.042091 0.074829
0 0.454453 0.933486 0.038194 0.085221
0 0.397942 0.866452 0.059239 0.086261
0 0.360762 0.626169 0.050665 0.080025
0 0.303471 0.562773 0.056121 0.102889
0 0.194346 0.608501 0.068593 0.069632
0 0.080545 0.626169 0.087300 0.075868
0 0.120297 0.892226 0.067034 0.071711
0 0.199413 0.835585 0.055342 0.078986
0 0.306589 0.826232 0.046768 0.068593