0 0.293104 0.089898 0.022604 0.071711
0 0.362866 0.082104 0.034296 0.074829
0 0.429900 0.112243 0.035855 0.066514
0 0.484073 0.062357 0.021046 0.070671
0 0.329349 0.291000 0.051445 0.078986
0 0.111100 0.208377 0.053004 0.067554
0 0.209702 0.280607 0.031958 0.062357
0 0.275177 0.424548 0.044429 0.071711
0 0.361697 0.536271 0.031958 0.070671
0 0.452894 0.517564 0.030399 0.060279
0 0.527333 0.522241 0.056121 0.084182
0 0.618141 0.498857 0.036635 0.078986
0 0.427172 0.335689 0.031958 0.062357
0 0.530841 0.292039 0.042871 0.060279
0 0.889628 0.233839 0.067034 0.068593
0 0.886900 0.434421 0.049106 0.066514
0 0.770760 0.470796 0.055342 0.085221
0 0.987061 0.209416 0.024943 0.067554
0 0.834520 0.722511 0.045988 0.062357
0 0.944814 0.846705 0.038973 0.053004
0 0.295287 0.734463 0.053783 0.092496