0 0.016104 0.958532 0.032208 0.082936
0 0.044479 0.885878 0.049080 0.062372
0 0.016871 0.750909 0.033742 0.058282
0 0.064801 0.576062 0.045245 0.062372
0 0.055982 0.426778 0.046012 0.074642
0 0.050997 0.358782 0.060583 0.065440
0 0.013037 0.304079 0.024540 0.060327
0 0.032975 0.247330 0.056748 0.057260
0 0.085123 0.155306 0.044479 0.059305
0 0.045245 0.035162 0.038344 0.062372
0 0.102761 0.016814 0.044479 0.033628
0 0.118865 0.148148 0.029141 0.061350
0 0.369632 0.969723 0.044479 0.060327
0 0.228911 0.843956 0.028374 0.050102
0 0.333972 0.780561 0.036043 0.064417
0 0.339724 0.725347 0.039877 0.048057
0 0.221242 0.594978 0.039110 0.069530
0 0.388804 0.570439 0.038344 0.049080
0 0.389954 0.523404 0.039110 0.079755
0 0.263037 0.426778 0.029141 0.054192
0 0.376534 0.420132 0.041411 0.094070
0 0.362347 0.326574 0.040644 0.072597
0 0.282975 0.241195 0.050613 0.077710
0 0.332822 0.225858 0.029141 0.081800
0 0.294095 0.082197 0.040644 0.129857
0 0.299463 0.017269 0.031442 0.030675
0 0.379218 0.153772 0.034509 0.097137
0 0.007285 0.076574 0.014570 0.040900
0 0.525690 0.864917 0.037577 0.061350
0 0.626917 0.870541 0.039110 0.054192
0 0.562117 0.763690 0.056748 0.067485
0 0.511887 0.704897 0.036043 0.048057
0 0.613497 0.561747 0.042945 0.062372
0 0.638420 0.570950 0.034509 0.066462
0 0.539877 0.408884 0.044479 0.079755
0 0.622316 0.351113 0.042178 0.058282
0 0.664877 0.371563 0.033742 0.080777
0 0.669479 0.248353 0.035276 0.104294
0 0.511887 0.183935 0.034509 0.071575
0 0.515337 0.124631 0.033742 0.077710
0 0.562883 0.038287 0.041411 0.076574
0 0.616948 0.021927 0.032975 0.043854
0 0.617715 0.080152 0.032975 0.076687
0 0.654908 0.125142 0.030675 0.107362
0 0.710890 0.704385 0.061350 0.044990
0 0.875383 0.813281 0.068252 0.056237
0 0.872316 0.745796 0.045245 0.037832
0 0.854294 0.640479 0.049080 0.060327
0 0.812117 0.536696 0.039877 0.047035
0 0.808666 0.430868 0.051380 0.052147
0 0.840107 0.280050 0.051380 0.083845
0 0.853528 0.214099 0.041411 0.066462
0 0.819785 0.144058 0.035276 0.071575
0 0.776074 0.020904 0.018405 0.041808
0 0.851994 0.030618 0.029141 0.061236
0 0.876534 0.027551 0.030675 0.055101
0 0.930598 0.192627 0.034509 0.068507
0 0.916028 0.264713 0.046779 0.083845
0 0.949003 0.420643 0.049847 0.062372
0 0.970859 0.528516 0.053681 0.063395
0 0.982362 0.620030 0.035276 0.060327
0 0.984279 0.738639 0.031442 0.052147
0 0.978144 0.790786 0.043712 0.052147
0 0.731212 0.136389 0.046779 0.078732
0 0.197086 0.985117 0.030675 0.029766