0 0.013037 0.967735 0.026074 0.064530
0 0.049080 0.894569 0.053681 0.063395
0 0.013037 0.772381 0.026074 0.050102
0 0.057515 0.582708 0.050613 0.055215
0 0.061350 0.432402 0.039877 0.071575
0 0.049080 0.364406 0.061350 0.062372
0 0.010736 0.305101 0.018405 0.056237
0 0.033742 0.254999 0.064417 0.060327
0 0.042945 0.039252 0.039877 0.070552
0 0.095092 0.023404 0.030675 0.042945
0 0.116948 0.162974 0.034509 0.056237
0 0.083589 0.167576 0.046012 0.059305
0 0.212423 0.605203 0.046012 0.073620
0 0.225844 0.851625 0.032975 0.042945
0 0.325153 0.801522 0.044479 0.055215
0 0.341258 0.742218 0.044479 0.044990
0 0.389954 0.576574 0.039110 0.065440
0 0.379985 0.526983 0.052914 0.082822
0 0.373466 0.424733 0.046012 0.074642
0 0.263420 0.428823 0.029908 0.050102
0 0.359663 0.341400 0.044479 0.077710
0 0.280291 0.249886 0.054448 0.062372
0 0.328221 0.247841 0.033742 0.078732
0 0.292945 0.093956 0.042945 0.126789
0 0.298696 0.021870 0.029908 0.039877
0 0.380752 0.164508 0.040644 0.092025
0 0.531058 0.904283 0.031442 0.041922
0 0.626534 0.890991 0.035276 0.043967
0 0.563267 0.781072 0.054448 0.065440
0 0.491564 0.713588 0.042945 0.038855
0 0.705905 0.716144 0.051380 0.058282
0 0.627684 0.592422 0.028374 0.050102
0 0.605828 0.570950 0.046012 0.062372
0 0.537193 0.422177 0.045245 0.067485
0 0.622316 0.357760 0.043712 0.055215
0 0.662960 0.393547 0.031442 0.063395
0 0.503834 0.194672 0.035276 0.068507
0 0.512653 0.144569 0.034509 0.070552
0 0.555982 0.061236 0.044479 0.065440
0 0.565567 0.012724 0.042178 0.025448
0 0.615798 0.024483 0.033742 0.048966
0 0.612347 0.104692 0.031442 0.058282
0 0.651074 0.137412 0.032209 0.099182
0 0.667945 0.265735 0.033742 0.081800
0 0.728911 0.152238 0.054448 0.081800
0 0.774923 0.021416 0.034509 0.042831
0 0.852761 0.039764 0.030675 0.075665
0 0.879218 0.026528 0.037577 0.053056
0 0.986963 0.041809 0.023006 0.049080
0 0.805982 0.165019 0.029141 0.070552
0 0.971626 0.807657 0.056748 0.065440
0 0.984663 0.761134 0.030674 0.048057
0 0.860813 0.749375 0.036043 0.034765
0 0.871166 0.818394 0.058282 0.056237
0 0.858512 0.650704 0.042178 0.064417
0 0.982362 0.644569 0.035276 0.056237
0 0.816718 0.546921 0.035276 0.047035
0 0.953988 0.544876 0.042945 0.047035
0 0.951304 0.431890 0.049847 0.054192
0 0.806748 0.441604 0.046012 0.051125
0 0.849693 0.225858 0.039877 0.047035
0 0.833206 0.300500 0.048313 0.079755
0 0.916028 0.278516 0.046779 0.070552
0 0.925613 0.221257 0.038344 0.058282