0 0.070053 0.091431 0.045053 0.087456
0 0.139951 0.112191 0.052341 0.058304
0 0.098211 0.255300 0.057641 0.090106
0 0.183679 0.412544 0.045716 0.056537
0 0.280411 0.196113 0.032465 0.063604
0 0.262191 0.086131 0.053004 0.083922
0 0.205543 0.106007 0.045716 0.067138
0 0.349978 0.087456 0.032465 0.081272
0 0.412257 0.097615 0.035115 0.085689
0 0.498719 0.135601 0.039753 0.062721
0 0.426502 0.221290 0.055654 0.087456
0 0.565636 0.400177 0.050353 0.065371
0 0.466254 0.395318 0.038428 0.068021
0 0.420870 0.420495 0.041740 0.075972
0 0.358591 0.432862 0.039090 0.065371
0 0.307906 0.438163 0.045053 0.081272
0 0.206537 0.225265 0.041078 0.065371
0 0.311550 0.238516 0.033790 0.083039
0 0.092911 0.352915 0.041740 0.062721
0 0.130345 0.435954 0.062279 0.069788
0 0.026325 0.471731 0.041078 0.063604
0 0.626988 0.085247 0.037102 0.073322
0 0.597504 0.214223 0.020539 0.066254
0 0.645539 0.257509 0.037102 0.087456
0 0.717756 0.097173 0.045053 0.088339
0 0.771091 0.094081 0.043065 0.069788
0 0.823101 0.112191 0.023852 0.063604
0 0.868816 0.119258 0.054329 0.067138
0 0.724713 0.270760 0.035115 0.085689
0 0.772416 0.253092 0.037765 0.078622
0 0.831714 0.259717 0.039753 0.077739
0 0.879748 0.419611 0.058966 0.079505
0 0.782354 0.390901 0.047041 0.073322
0 0.706493 0.411661 0.034452 0.061837
0 0.952231 0.920760 0.066917 0.101590
0 0.786263 0.682244 0.059629 0.078622
0 0.705102 0.665459 0.056316 0.096290
0 0.593463 0.613339 0.058304 0.068021
0 0.640835 0.697703 0.036440 0.056537
0 0.698476 0.947703 0.039090 0.044170
0 0.751811 0.980035 0.045053 0.039929
0 0.590150 0.926943 0.064929 0.083922
0 0.512633 0.943728 0.033127 0.059187
0 0.355742 0.642491 0.035777 0.048587
0 0.295119 0.602739 0.060292 0.060954
0 0.195075 0.613781 0.041740 0.100707
0 0.498189 0.582421 0.034452 0.062721
0 0.210314 0.858481 0.049691 0.063604
0 0.309033 0.859364 0.056316 0.061837
0 0.388207 0.888074 0.064929 0.094523
0 0.122858 0.893375 0.057641 0.085689
0 0.455455 0.953445 0.048366 0.062721
0 0.110601 0.636749 0.033127 0.045936