0 0.168765 0.801597 0.052518 0.131450
0 0.364558 0.737715 0.082924 0.084767
0 0.375154 0.527641 0.023034 0.045455
0 0.435964 0.500000 0.039619 0.073710
0 0.769963 0.099509 0.020270 0.061425
0 0.989097 0.047297 0.021806 0.062654
0 0.990479 0.313882 0.019042 0.035627
0 0.742322 0.175061 0.031327 0.079853
0 0.541923 0.149877 0.037776 0.098280
0 0.234183 0.272113 0.059889 0.082310
0 0.201474 0.329853 0.064496 0.089681
0 0.476044 0.069410 0.031327 0.057740
0 0.378839 0.127150 0.034091 0.052826
0 0.408784 0.015971 0.070025 0.031941
0 0.863022 0.070025 0.036855 0.044226