0 0.145622 0.082266 0.055488 0.093860
0 0.080195 0.023741 0.040581 0.034231
0 0.097587 0.236860 0.078677 0.093860
0 0.204837 0.112633 0.046378 0.092756
0 0.258254 0.072880 0.043894 0.088339
0 0.205665 0.217535 0.041409 0.068463
0 0.282271 0.219744 0.080333 0.090548
0 0.413952 0.225265 0.052175 0.106007
0 0.347698 0.088339 0.048863 0.097173
0 0.396974 0.094965 0.029814 0.086131
0 0.428031 0.080610 0.030643 0.081714
0 0.496356 0.129196 0.029814 0.072880
0 0.622239 0.078401 0.046378 0.081714
0 0.025950 0.458812 0.043065 0.098277
0 0.103384 0.330720 0.050519 0.069567
0 0.134441 0.424028 0.054660 0.075088
0 0.187031 0.389797 0.045550 0.090548
0 0.295936 0.428445 0.054660 0.083922
0 0.362191 0.438936 0.039753 0.093860
0 0.409397 0.403600 0.036440 0.104903
0 0.459916 0.406360 0.029814 0.110424
0 0.590354 0.228578 0.043894 0.099382
0 0.565509 0.393110 0.052175 0.101590
0 0.639217 0.253423 0.030643 0.131405
0 0.599879 0.595186 0.064598 0.086131
0 0.498841 0.562058 0.049691 0.077297
0 0.293038 0.571996 0.058801 0.079505
0 0.195727 0.599602 0.048034 0.086131
0 0.712925 0.098830 0.055488 0.107111
0 0.763444 0.100486 0.033955 0.130300
0 0.821003 0.094413 0.036440 0.104903
0 0.866967 0.100486 0.040581 0.099382
0 0.728661 0.255080 0.035612 0.090548
0 0.770898 0.236307 0.043894 0.097173
0 0.833011 0.245141 0.038924 0.103799
0 0.875663 0.419611 0.057973 0.083922
0 0.780836 0.373785 0.030643 0.076193
0 0.740669 0.455499 0.028158 0.069567
0 0.704229 0.411882 0.038096 0.081714
0 0.955168 0.888472 0.061285 0.106007
0 0.793259 0.677562 0.072052 0.083922
0 0.716238 0.647747 0.042237 0.103799
0 0.647913 0.675353 0.051347 0.079505
0 0.751850 0.979572 0.043894 0.040856
0 0.710441 0.931537 0.048863 0.066254
0 0.601949 0.908348 0.067083 0.099382
0 0.512091 0.948101 0.031471 0.068463
0 0.446665 0.933193 0.038096 0.082818
0 0.378340 0.853136 0.053832 0.108216
0 0.352253 0.627319 0.033127 0.089443
0 0.089720 0.634496 0.062942 0.090548
0 0.304632 0.826634 0.057144 0.086131
0 0.208149 0.824426 0.071223 0.110424
0 0.112909 0.882398 0.081162 0.122571