0 0.309049 0.137412 0.019939 0.086912
0 0.292178 0.120030 0.015337 0.078732
0 0.300613 0.024426 0.032209 0.047035
0 0.047546 0.051011 0.030675 0.044990
0 0.085506 0.147126 0.049847 0.073620
0 0.134202 0.167064 0.029141 0.066462
0 0.031825 0.256533 0.063650 0.063395
0 0.047546 0.353670 0.059816 0.067485
0 0.054064 0.419621 0.039110 0.066462
0 0.067101 0.590888 0.045245 0.051125
0 0.027991 0.854692 0.055982 0.067485
0 0.014571 0.976369 0.026074 0.028630
0 0.023006 0.763690 0.024540 0.024540
0 0.195936 0.609293 0.049847 0.098160
0 0.387270 0.555612 0.038344 0.091002
0 0.360046 0.530050 0.043712 0.076687
0 0.276457 0.427289 0.020706 0.053170
0 0.364647 0.364406 0.022239 0.050102
0 0.273773 0.256021 0.062883 0.068507
0 0.368865 0.159396 0.038344 0.081800
0 0.376917 0.454897 0.022239 0.051125
0 0.539494 0.752443 0.049847 0.085890
0 0.601227 0.581686 0.038344 0.055215
0 0.525690 0.417576 0.039110 0.074642
0 0.615414 0.349580 0.039110 0.059305
0 0.503834 0.183935 0.036810 0.073620
0 0.643021 0.163997 0.022239 0.076687
0 0.548313 0.070950 0.029141 0.054192
0 0.609663 0.023461 0.038344 0.046921
0 0.568635 0.018291 0.040644 0.034765
0 0.717791 0.145081 0.058282 0.065440
0 0.681748 0.240173 0.042945 0.089980
0 0.793712 0.453363 0.038344 0.048057
0 0.687500 0.704897 0.040644 0.056237
0 0.956288 0.796921 0.044479 0.064417
0 0.866564 0.786185 0.044479 0.055215
0 0.847393 0.640479 0.047546 0.070552
0 0.964340 0.624120 0.048313 0.041922
0 0.933282 0.430357 0.047546 0.063395
0 0.902607 0.271359 0.038344 0.054192
0 0.835506 0.296410 0.046779 0.069530
0 0.851227 0.237105 0.042945 0.047035
0 0.912193 0.225858 0.031442 0.049080
0 0.864264 0.029539 0.035276 0.055215
0 0.007669 0.308680 0.015337 0.036810
0 0.349310 0.730970 0.025307 0.036810