0 0.046012 0.880368 0.044479 0.063395
0 0.077071 0.601738 0.031442 0.039877
0 0.055982 0.375767 0.053681 0.056237
0 0.057515 0.286299 0.052147 0.042945
0 0.104678 0.170245 0.026840 0.058282
0 0.204371 0.608384 0.049847 0.075665
0 0.290261 0.262270 0.049847 0.060327
0 0.379218 0.184049 0.032975 0.061350
0 0.057132 0.460123 0.034509 0.044990
0 0.391488 0.572597 0.042178 0.063395
0 0.359663 0.550613 0.041411 0.066462
0 0.536426 0.447342 0.034509 0.054192
0 0.620782 0.377812 0.043712 0.052147
0 0.553681 0.761759 0.049080 0.073620
0 0.858512 0.806237 0.026840 0.041922
0 0.855828 0.653374 0.035276 0.040900
0 0.686733 0.739264 0.039110 0.040900
0 0.939417 0.450920 0.044479 0.044990
0 0.851227 0.331800 0.041411 0.052147
0 0.905675 0.276074 0.030675 0.051125
0 0.851994 0.255624 0.032209 0.047035
0 0.703221 0.272495 0.029141 0.060327
0 0.722393 0.160532 0.042945 0.069530
0 0.615031 0.041411 0.030675 0.060327
0 0.011887 0.326687 0.023773 0.041922
0 0.965874 0.816462 0.039110 0.041922
0 0.786426 0.473926 0.036043 0.039877
0 0.305598 0.043854 0.016104 0.059305
0 0.060583 0.056635 0.019939 0.041922
0 0.854294 0.073506 0.018405 0.040900
0 0.132669 0.192627 0.019939 0.048057