0 0.295501 0.888037 0.058623 0.127812
0 0.540559 0.905419 0.072938 0.142127
0 0.052488 0.905419 0.019768 0.043967
0 0.837082 0.882924 0.019768 0.048057
0 0.720859 0.649796 0.049080 0.078732
0 0.900136 0.367587 0.047716 0.082822
0 0.022495 0.046012 0.025222 0.061350
0 0.239945 0.101227 0.029312 0.092025
0 0.577369 0.067485 0.052488 0.075665
0 0.481936 0.148262 0.011588 0.069530
0 0.445467 0.138548 0.008180 0.058282
0 0.416837 0.117587 0.014997 0.081800
0 0.315269 0.494888 0.019087 0.063395
0 0.546012 0.449387 0.034765 0.091002
0 0.747785 0.226994 0.015678 0.061350
0 0.631561 0.185583 0.013633 0.058282
0 0.672461 0.031697 0.020450 0.059305
0 0.751875 0.018405 0.014315 0.036810
0 0.855147 0.284765 0.050443 0.076687
0 0.694956 0.294479 0.023177 0.065440
0 0.285617 0.238753 0.025222 0.041922
0 0.418882 0.539764 0.010907 0.051125
0 0.068166 0.229436 0.026585 0.050102