0 0.092365 0.870030 0.054533 0.108384
0 0.312883 0.849580 0.077028 0.153374
0 0.553170 0.843445 0.079073 0.157464
0 0.481254 0.889457 0.034765 0.032720
0 0.850716 0.820950 0.052488 0.137014
0 0.014485 0.653261 0.028970 0.026585
0 0.129175 0.557657 0.036810 0.127812
0 0.070211 0.181379 0.045671 0.097137
0 0.085890 0.102136 0.029312 0.079755
0 0.023177 0.087821 0.018405 0.053170
0 0.033401 0.030050 0.036128 0.054192
0 0.131902 0.020904 0.017723 0.041808
0 0.127471 0.056124 0.032038 0.059305
0 0.143490 0.075040 0.023177 0.072597
0 0.202454 0.249886 0.063395 0.129857
0 0.247103 0.086287 0.039536 0.095092
0 0.277778 0.024938 0.020450 0.033742
0 0.285617 0.188537 0.021132 0.072597
0 0.241650 0.309191 0.025903 0.082822
0 0.329584 0.450295 0.054533 0.107362
0 0.432175 0.520848 0.070211 0.097137
0 0.378323 0.034140 0.022495 0.060327
0 0.340491 0.038741 0.028630 0.071575
0 0.323449 0.180357 0.025903 0.043967
0 0.409339 0.097023 0.024540 0.051125
0 0.443422 0.125653 0.023177 0.053170
0 0.464554 0.065326 0.032720 0.073620
0 0.474778 0.100091 0.042263 0.092025
0 0.449898 0.009146 0.023858 0.018291
0 0.526926 0.030618 0.030675 0.061236
0 0.574983 0.069416 0.049080 0.049080
0 0.452965 0.312259 0.035446 0.099182
0 0.580436 0.344467 0.025903 0.051125
0 0.630198 0.156328 0.064076 0.071575
0 0.671097 0.159907 0.028630 0.095092
0 0.663258 0.028573 0.047035 0.057146
0 0.751534 0.026528 0.034083 0.053056
0 0.688480 0.267269 0.037491 0.086912
0 0.652693 0.447228 0.043626 0.093047
0 0.713020 0.620541 0.048398 0.094070
0 0.755965 0.298966 0.036128 0.068507
0 0.736537 0.217678 0.036810 0.079755
0 0.766190 0.176778 0.032038 0.096115
0 0.823108 0.091911 0.027267 0.069530
0 0.910702 0.058680 0.037491 0.097137
0 0.977676 0.141502 0.044648 0.043967
0 0.927744 0.145592 0.036128 0.068507
0 0.954669 0.394058 0.038173 0.078732
0 0.859918 0.283629 0.062713 0.074642
0 0.893661 0.357248 0.051125 0.070552
0 0.983810 0.579130 0.032379 0.054192
0 0.971029 0.856737 0.017723 0.063395
0 0.931493 0.835776 0.035446 0.070552
0 0.748807 0.567371 0.014997 0.063395
0 0.806408 0.568905 0.015678 0.054192
0 0.989605 0.236594 0.020790 0.064417
0 0.784594 0.191093 0.027948 0.069530