0 0.020961 0.913997 0.041922 0.059305
0 0.281186 0.917064 0.055896 0.120654
0 0.538173 0.908884 0.084526 0.153374
0 0.836742 0.877187 0.054533 0.134969
0 0.931493 0.889457 0.036810 0.044990
0 0.984492 0.690582 0.031016 0.048057
0 0.706885 0.672177 0.063395 0.109407
0 0.380709 0.585776 0.074983 0.169734
0 0.315951 0.507044 0.043626 0.118609
0 0.099864 0.721257 0.054533 0.084867
0 0.239605 0.396103 0.029993 0.072597
0 0.185072 0.327085 0.043626 0.089980
0 0.043967 0.247841 0.057260 0.103272
0 0.072256 0.152749 0.030675 0.058282
0 0.014826 0.136901 0.029652 0.073620
0 0.017042 0.046410 0.022495 0.088957
0 0.126449 0.053056 0.021813 0.065440
0 0.137014 0.128209 0.014315 0.060327
0 0.231425 0.097023 0.032720 0.108384
0 0.273688 0.194160 0.034083 0.094070
0 0.274369 0.035162 0.025903 0.060327
0 0.311179 0.051522 0.019087 0.064417
0 0.448875 0.386901 0.027267 0.076687
0 0.398773 0.099068 0.023858 0.094070
0 0.440354 0.119518 0.012952 0.077710
0 0.466939 0.072484 0.027948 0.061350
0 0.449898 0.122586 0.018405 0.071575
0 0.518746 0.461032 0.037491 0.104294
0 0.665644 0.313281 0.036810 0.105317
0 0.614179 0.179845 0.052488 0.106339
0 0.645876 0.183424 0.014997 0.080777
0 0.569189 0.069927 0.041581 0.064417
0 0.507498 0.038741 0.020450 0.063395
0 0.654397 0.046410 0.029312 0.068507
0 0.726994 0.036185 0.020450 0.052147
0 0.746080 0.320950 0.035446 0.089980
0 0.743695 0.264201 0.017042 0.050102
0 0.709271 0.242218 0.036810 0.110429
0 0.768916 0.231993 0.037491 0.063395
0 0.754601 0.190582 0.033401 0.068507
0 0.814247 0.139457 0.017723 0.074642
0 0.889571 0.069927 0.045671 0.127812
0 0.983810 0.188537 0.032379 0.074642
0 0.910361 0.212054 0.036810 0.068507
0 0.847648 0.300500 0.053170 0.096115
0 0.983810 0.276471 0.032379 0.076687
0 0.886503 0.398659 0.039536 0.077710
0 0.963872 0.418598 0.018405 0.054192
0 0.641786 0.475347 0.009543 0.040900
0 0.371166 0.063281 0.005453 0.032720