0 0.027267 0.785674 0.047035 0.133947
0 0.270961 0.787207 0.077710 0.155419
0 0.502045 0.816349 0.061350 0.168712
0 0.679277 0.616962 0.042263 0.115542
0 0.796524 0.779027 0.061350 0.126789
0 0.875937 0.812770 0.017042 0.079755
0 0.891275 0.581175 0.044990 0.074642
0 0.911043 0.576062 0.050443 0.078732
0 0.980743 0.727903 0.038514 0.061350
0 0.733470 0.569927 0.038855 0.070552
0 0.383095 0.451318 0.041581 0.187117
0 0.274710 0.425244 0.049761 0.122699
0 0.112474 0.540275 0.040218 0.123722
0 0.157805 0.244774 0.053170 0.111452
0 0.061350 0.177800 0.032038 0.112474
0 0.016360 0.098046 0.023858 0.065440
0 0.025562 0.014258 0.029993 0.028516
0 0.079073 0.089355 0.023858 0.076687
0 0.129857 0.028573 0.027267 0.057146
0 0.113838 0.068905 0.023858 0.056237
0 0.226312 0.064304 0.032038 0.116564
0 0.273006 0.149682 0.034083 0.095092
0 0.272665 0.023915 0.034765 0.041922
0 0.222222 0.320439 0.034765 0.070552
0 0.319359 0.033686 0.029993 0.067371
0 0.370825 0.039252 0.025222 0.056237
0 0.397751 0.064304 0.028630 0.092025
0 0.438309 0.112361 0.032038 0.073620
0 0.450239 0.062770 0.027267 0.076687
0 0.465235 0.049477 0.027267 0.074642
0 0.508521 0.035674 0.029312 0.051125
0 0.518064 0.416553 0.034765 0.111452
0 0.600545 0.418598 0.015678 0.080777
0 0.648943 0.233015 0.042945 0.098160
0 0.593047 0.151727 0.040218 0.048057
0 0.612815 0.131788 0.029312 0.087935
0 0.610089 0.014258 0.045671 0.028516
0 0.558964 0.051522 0.044308 0.076687
0 0.719496 0.017837 0.038173 0.035674
0 0.684049 0.249886 0.032720 0.064417
0 0.686776 0.202852 0.036810 0.062372
0 0.689502 0.158884 0.032720 0.099182
0 0.756987 0.186492 0.031357 0.054192
0 0.764485 0.144058 0.040900 0.098160
0 0.812202 0.086798 0.021813 0.085890
0 0.856851 0.331175 0.036128 0.116564
0 0.836401 0.260111 0.045671 0.093047
0 0.991650 0.242729 0.016700 0.078732
0 0.936946 0.219212 0.034083 0.066462
0 0.944444 0.116962 0.036810 0.078732
0 0.857532 0.121563 0.026585 0.075665
0 0.960804 0.042320 0.031357 0.058282
0 0.897751 0.048455 0.034765 0.041922