3.166597843170166 97.0
3.174525737762451 40.0
3.1766793727874756 23.0
3.1805150508880615 44.0
3.1845576763153076 32.0
2.520578622817993 49.0
3.179243564605713 41.0
2.5247457027435303 60.0
3.175593614578247 32.0
3.166748046875 42.0
3.178692579269409 66.0
3.1744375228881836 66.0
3.175466775894165 63.0
3.1720669269561768 24.0
3.171347141265869 40.0
3.1741552352905273 36.0
3.179980754852295 42.0
3.170074462890625 50.0
3.1697025299072266 66.0
3.173766613006592 51.0
3.172616720199585 51.0
3.181645393371582 31.0
3.1666383743286133 102.0
3.1738109588623047 0.0
3.1709752082824707 18.0
3.1756463050842285 36.0
3.176692008972168 0.0
3.1705684661865234 20.0
3.1743838787078857 66.0
3.166074752807617 83.0
3.1674513816833496 14.0
3.1781694889068604 19.0
3.173898220062256 17.0
3.1743485927581787 9.0
3.175680160522461 31.0
3.1734163761138916 5.0
3.166659355163574 39.0
3.1655216217041016 94.0
3.1763479709625244 37.0
3.172396183013916 68.0
3.1710853576660156 26.0
3.167088031768799 37.0
3.1674413681030273 0.0
3.1820945739746094 0.0
3.1702632904052734 24.0
3.168470859527588 83.0
3.178088903427124 63.0
2.5259931087493896 4.0
3.173953056335449 51.0
3.171736717224121 37.0
3.1801648139953613 0.0
3.17211651802063 62.0
3.1768839359283447 0.0
3.173340320587158 66.0
3.1713318824768066 40.0
3.180501937866211 56.0
3.1758298873901367 53.0
3.169203042984009 65.0
3.1661157608032227 21.0
3.17391300201416 52.0
3.1718685626983643 51.0
2.530388832092285 36.0
3.188945770263672 0.0
3.170478343963623 1.0
3.1705322265625 69.0
3.177119731903076 65.0
3.1800711154937744 64.0
2.5274882316589355 28.0
3.1692144870758057 26.0
3.1750636100769043 63.0
3.1658248901367188 104.0
3.175840377807617 18.0
3.166055679321289 64.0
3.171766519546509 36.0
3.1766574382781982 35.0
2.525681972503662 18.0
3.1735916137695312 14.0
3.173649787902832 13.0
3.165815830230713 96.0
3.172844409942627 9.0
3.175520658493042 34.0
3.172173500061035 68.0
3.1767616271972656 45.0
3.171372652053833 32.0
3.178645133972168 62.0
3.1711630821228027 52.0
3.172917366027832 63.0
3.166520595550537 117.0
3.1744322776794434 0.0
3.178762435913086 0.0
3.176954746246338 63.0
3.1803712844848633 2.0
2.527808666229248 2.0
3.1667325496673584 62.0
3.1715664863586426 26.0
3.1749048233032227 42.0
2.5251517295837402 59.0
3.177027702331543 62.0
3.170822858810425 66.0
3.1761207580566406 71.0
3.176893949508667 67.0
3.1847381591796875 17.0
3.177640199661255 13.0
3.173309803009033 44.0
3.1742403507232666 54.0
3.1667065620422363 19.0
3.1729373931884766 17.0
3.1666316986083984 68.0
3.180483818054199 19.0
3.1805853843688965 9.0
3.1708359718322754 42.0
3.1722898483276367 62.0
3.1770217418670654 0.0
2.52260684967041 2.0
3.1715950965881348 56.0
3.17783784866333 15.0
3.171121597290039 52.0
3.1712498664855957 47.0
3.1699697971343994 51.0
3.1683082580566406 41.0
3.172954559326172 45.0
3.177460193634033 61.0
3.177905559539795 1.0
3.1750760078430176 47.0
3.171137809753418 47.0
3.1730239391326904 21.0
3.1772613525390625 15.0
3.177269697189331 40.0
3.1770100593566895 64.0
3.1695268154144287 3.0
3.1731362342834473 4.0
3.1715519428253174 70.0
3.172335147857666 38.0
3.1686840057373047 1.0
3.168734550476074 45.0
3.181284189224243 18.0
3.1665122509002686 85.0
3.180454969406128 18.0
3.173675537109375 44.0
3.17380428314209 62.0
3.17160701751709 51.0
3.165595531463623 96.0
3.1830482482910156 18.0
3.168631076812744 100.0
3.174058437347412 64.0
3.170200824737549 48.0
3.173917770385742 5.0
3.1755003929138184 65.0
3.168750286102295 53.0
3.1692371368408203 52.0
3.173130512237549 57.0
2.552276134490967 0.0
3.173551321029663 69.0
3.1708598136901855 52.0
3.1690897941589355 28.0
3.1745498180389404 40.0
3.172612190246582 5.0
3.175990104675293 64.0
3.167375326156616 120.0
3.1738505363464355 70.0
3.1755619049072266 61.0
2.52742338180542 24.0
3.17671537399292 66.0
3.173166275024414 0.0
3.1764678955078125 63.0
3.1672983169555664 38.0
3.1820921897888184 16.0
3.169105052947998 1.0
3.174015998840332 16.0
3.1806681156158447 22.0
3.166840076446533 0.0
3.171605348587036 40.0
3.1669840812683105 0.0
3.169053554534912 14.0
3.1694090366363525 54.0
2.5241775512695312 64.0
3.1701903343200684 41.0
3.171442985534668 46.0
3.1736111640930176 45.0
3.17979097366333 63.0
3.1699962615966797 4.0
3.1753323078155518 12.0
3.170769691467285 50.0
3.169069528579712 33.0
3.1650893688201904 90.0
3.1841588020324707 0.0
45.05172348022461 97.0
18.986419677734375 40.0
11.46111011505127 23.0
15.602458953857422 44.0
8.922220230102539 32.0
23.180509567260742 49.0
8.069674491882324 41.0
5.111037731170654 60.0
11.548633575439453 32.0
55.11634826660156 42.0
11.402799606323242 66.0
25.859140396118164 66.0
13.536225318908691 63.0
37.41060256958008 24.0
26.319225311279297 40.0
13.263611793518066 36.0
10.241674423217773 42.0
25.763996124267578 50.0
30.79806137084961 66.0
14.778369903564453 51.0
13.921195030212402 51.0
14.126039505004883 31.0
41.649452209472656 102.0
36.0087890625 0.0
30.945295333862305 18.0
13.675177574157715 36.0
23.070980072021484 0.0
25.4235897064209 20.0
19.77014923095703 66.0
51.31531524658203 83.0
40.11555862426758 14.0
21.083879470825195 19.0
19.255184173583984 17.0
49.654998779296875 9.0
13.929676055908203 31.0
13.797088623046875 5.0
43.99481964111328 39.0
59.285850524902344 94.0
9.364967346191406 37.0
31.723827362060547 68.0
26.33100128173828 26.0
39.89118957519531 37.0
48.332801818847656 0.0
22.20760726928711 0.0
33.315185546875 24.0
35.05763244628906 83.0
6.435087203979492 63.0
6.411559104919434 4.0
10.574353218078613 51.0
19.971607208251953 37.0
21.908998489379883 0.0
25.70869255065918 62.0
24.8997802734375 0.0
26.053359985351562 66.0
24.88224220275879 40.0
12.565114974975586 56.0
11.333892822265625 53.0
30.353744506835938 65.0
45.99812316894531 21.0
19.67034149169922 52.0
12.545970916748047 51.0
7.656673431396484 36.0
11.734349250793457 0.0
43.6941032409668 1.0
38.849098205566406 69.0
17.357524871826172 65.0
5.411785125732422 64.0
11.714665412902832 28.0
34.716156005859375 26.0
17.305892944335938 63.0
43.989376068115234 104.0
15.330764770507812 18.0
37.28129577636719 64.0
15.659631729125977 36.0
23.618417739868164 35.0
9.612713813781738 18.0
21.06159019470215 14.0
47.23805236816406 13.0
49.19651794433594 96.0
23.45450210571289 9.0
17.259986877441406 34.0
31.98293685913086 68.0
9.484567642211914 45.0
19.67359161376953 32.0
8.20869255065918 62.0
16.372398376464844 52.0
6.709039688110352 63.0
52.38335037231445 117.0
35.106788635253906 0.0
26.822465896606445 0.0
11.97316837310791 63.0
26.66439437866211 2.0
19.634174346923828 2.0
39.342689514160156 62.0
26.519882202148438 26.0
10.09181022644043 42.0
3.177215099334717 59.0
7.7660298347473145 62.0
32.95211410522461 66.0
13.338077545166016 71.0
8.021461486816406 67.0
15.750449180603027 17.0
19.238262176513672 13.0
22.906700134277344 44.0
16.666101455688477 54.0
41.91413116455078 19.0
41.54027557373047 17.0
39.418052673339844 68.0
23.623804092407227 19.0
20.087989807128906 9.0
23.726173400878906 42.0
18.716611862182617 62.0
21.46286964416504 0.0
21.4437313079834 2.0
17.52004623413086 56.0
28.57907485961914 15.0
15.213338851928711 52.0
31.243810653686523 47.0
27.2010498046875 51.0
24.6665096282959 41.0
17.769744873046875 45.0
10.999513626098633 61.0
29.105247497558594 1.0
14.393808364868164 47.0
18.78127098083496 47.0
30.030616760253906 21.0
13.548575401306152 15.0
8.707988739013672 40.0
6.546119689941406 64.0
31.44489097595215 3.0
27.910463333129883 4.0
35.49373245239258 70.0
15.734535217285156 38.0
33.30625534057617 1.0
30.74361228942871 45.0
25.451171875 18.0
43.946041107177734 85.0
25.45246124267578 18.0
19.423545837402344 44.0
5.82289981842041 62.0
14.514249801635742 51.0
52.078163146972656 96.0
16.848798751831055 18.0
39.254791259765625 100.0
25.59290313720703 64.0
26.33485221862793 48.0
19.008098602294922 5.0
6.5280561447143555 65.0
27.17703628540039 53.0
22.916032791137695 52.0
26.530197143554688 57.0
10.615777969360352 0.0
23.637868881225586 69.0
25.376808166503906 52.0
32.132686614990234 28.0
10.576915740966797 40.0
14.411170959472656 5.0
10.723343849182129 64.0
25.831344604492188 120.0
16.863971710205078 70.0
14.45803451538086 61.0
10.753898620605469 24.0
10.478848457336426 66.0
34.821754455566406 0.0
9.341711044311523 63.0
38.20509719848633 38.0
18.449726104736328 16.0
36.94657516479492 1.0
17.888458251953125 16.0
7.801096439361572 22.0
51.421756744384766 0.0
25.647003173828125 40.0
54.912513732910156 0.0
27.209903717041016 14.0
35.67835235595703 54.0
8.686126708984375 64.0
28.06353759765625 41.0
39.08683776855469 46.0
11.393074035644531 45.0
6.666244983673096 63.0
29.928794860839844 4.0
15.884235382080078 12.0
15.99574089050293 50.0
34.44976806640625 33.0
53.121490478515625 90.0
20.202205657958984 0.0
59.70890808105469 97.0
22.041452407836914 40.0
17.185218811035156 23.0
25.615543365478516 44.0
20.8924617767334 32.0
20.362590789794922 49.0
26.253311157226562 41.0
20.527971267700195 60.0
23.52996063232422 32.0
30.84925079345703 42.0
31.496883392333984 66.0
35.546531677246094 66.0
40.529937744140625 63.0
28.846208572387695 24.0
17.777965545654297 40.0
21.003894805908203 36.0
38.46671676635742 42.0
43.69112014770508 50.0
49.64594650268555 66.0
27.52775001525879 51.0
31.492568969726562 51.0
21.36298942565918 31.0
60.01172637939453 102.0
7.534861087799072 0.0
13.078794479370117 18.0
28.405179977416992 36.0
3.5275518894195557 0.0
7.516237258911133 20.0
43.53949737548828 66.0
41.405731201171875 83.0
40.5419807434082 14.0
23.223215103149414 19.0
14.311308860778809 17.0
18.43073272705078 9.0
34.807621002197266 31.0
6.783786773681641 5.0
30.62686538696289 39.0
55.823612213134766 94.0
24.772933959960938 37.0
27.709609985351562 68.0
19.918569564819336 26.0
28.421077728271484 37.0
44.303627014160156 0.0
3.276641845703125 0.0
19.4025821685791 24.0
42.772239685058594 83.0
36.86524200439453 63.0
21.519363403320312 4.0
33.80058670043945 51.0
38.836273193359375 37.0
3.2794742584228516 0.0
39.92348861694336 62.0
2.7119836807250977 0.0
34.70716857910156 66.0
28.296533584594727 40.0
29.748804092407227 56.0
29.009292602539062 53.0
38.776885986328125 65.0
29.369497299194336 21.0
35.97821807861328 52.0
34.846107482910156 51.0
9.818984985351562 36.0
2.6459078788757324 0.0
3.5858676433563232 1.0
47.44060516357422 69.0
26.35587501525879 65.0
37.36494827270508 64.0
11.721240997314453 28.0
17.931320190429688 26.0
40.36450958251953 63.0
56.81707000732422 104.0
18.053550720214844 18.0
38.604698181152344 64.0
32.6531982421875 36.0
17.547794342041016 35.0
14.224090576171875 18.0
5.821277618408203 14.0
19.178913116455078 13.0
67.42033386230469 96.0
10.772098541259766 9.0
17.831886291503906 34.0
29.05194854736328 68.0
29.408021926879883 45.0
31.70384979248047 32.0
37.931236267089844 62.0
43.482521057128906 52.0
54.24669647216797 63.0
51.98039245605469 117.0
8.208148956298828 0.0
16.238285064697266 0.0
42.20465087890625 63.0
19.230480194091797 2.0
11.725061416625977 2.0
39.952083587646484 62.0
19.878463745117188 26.0
32.582950592041016 42.0
16.28491973876953 59.0
39.43067932128906 62.0
39.430015563964844 66.0
20.946063995361328 71.0
41.33241271972656 67.0
23.510311126708984 17.0
10.045540809631348 13.0
13.277185440063477 44.0
44.13291931152344 54.0
25.427467346191406 19.0
30.456680297851562 17.0
44.63243103027344 68.0
23.76699447631836 19.0
7.742796421051025 9.0
37.83242416381836 42.0
41.709312438964844 62.0
1.9218822717666626 0.0
11.364921569824219 2.0
45.285400390625 56.0
25.66985321044922 15.0
37.72290802001953 52.0
58.297264099121094 47.0
42.224578857421875 51.0
34.72431945800781 41.0
20.90435028076172 45.0
46.9630126953125 61.0
20.894195556640625 1.0
32.13142013549805 47.0
44.25687789916992 47.0
14.061712265014648 21.0
15.492300987243652 15.0
27.616832733154297 40.0
41.94720458984375 64.0
5.495692253112793 3.0
24.24504280090332 4.0
22.357650756835938 70.0
24.847938537597656 38.0
5.674013137817383 1.0
48.784210205078125 45.0
26.411205291748047 18.0
55.39697265625 85.0
21.709320068359375 18.0
23.928146362304688 44.0
46.73261260986328 62.0
40.068580627441406 51.0
64.32278442382812 96.0
15.224859237670898 18.0
59.276390075683594 100.0
35.26568603515625 64.0
42.90019607543945 48.0
9.318611145019531 5.0
49.09995651245117 65.0
47.28618621826172 53.0
48.02363967895508 52.0
38.815704345703125 57.0
4.833291530609131 0.0
30.00690460205078 69.0
41.09177017211914 52.0
21.904598236083984 28.0
30.90357780456543 40.0
5.167294502258301 5.0
50.43419647216797 64.0
57.77635955810547 120.0
36.140140533447266 70.0
43.995697021484375 61.0
12.409575462341309 24.0
46.69274139404297 66.0
19.133281707763672 0.0
44.19567108154297 63.0
32.43241500854492 38.0
23.083560943603516 16.0
5.12324333190918 1.0
17.13083267211914 16.0
11.524402618408203 22.0
37.09821319580078 0.0
51.60596466064453 40.0
33.327850341796875 0.0
10.706329345703125 14.0
30.783123016357422 54.0
19.747896194458008 64.0
32.72550964355469 41.0
38.26811981201172 46.0
29.457422256469727 45.0
37.70341491699219 63.0
7.478341579437256 4.0
14.916109085083008 12.0
36.98534393310547 50.0
28.78702163696289 33.0
64.02336120605469 90.0
3.5056958198547363 0.0
82.4503173828125 97.0
18.47496223449707 40.0
9.64693546295166 23.0
19.02660369873047 44.0
11.198526382446289 32.0
3.359042167663574 49.0
18.334217071533203 41.0
19.07306671142578 60.0
15.101932525634766 32.0
56.49200439453125 42.0
18.03728485107422 66.0
22.295719146728516 66.0
28.572547912597656 63.0
23.15689468383789 24.0
8.935583114624023 40.0
20.13492774963379 36.0
34.306819915771484 42.0
39.124267578125 50.0
46.00515365600586 66.0
19.974987030029297 51.0
27.46346664428711 51.0
15.317337036132812 31.0
76.35221099853516 102.0
2.0740926265716553 0.0
12.06723403930664 18.0
20.110828399658203 36.0
0.20952729880809784 0.0
1.9519834518432617 20.0
36.183631896972656 66.0
68.54913330078125 83.0
33.72749328613281 14.0
8.428852081298828 19.0
7.798030376434326 17.0
19.206851959228516 9.0
30.251708984375 31.0
3.1910438537597656 5.0
36.929595947265625 39.0
121.29717254638672 94.0
17.544519424438477 37.0
14.301780700683594 68.0
17.28554916381836 26.0
29.174787521362305 37.0
32.97564697265625 0.0
0.009820479899644852 0.0
21.59100341796875 24.0
50.73846435546875 83.0
33.10585021972656 63.0
21.026620864868164 4.0
26.50302505493164 51.0
31.129858016967773 37.0
0.0161337498575449 0.0
28.717954635620117 62.0
0.04154708608984947 0.0
21.719919204711914 66.0
26.720306396484375 40.0
22.44012451171875 56.0
22.048673629760742 53.0
31.14368438720703 65.0
48.1097526550293 21.0
29.898056030273438 52.0
32.825035095214844 51.0
3.886979579925537 36.0
0.0016376068815588951 0.0
0.8929998278617859 1.0
46.417266845703125 69.0
13.340559005737305 65.0
33.37274932861328 64.0
2.878218173980713 28.0
16.08551788330078 26.0
29.873464584350586 63.0
64.6815414428711 104.0
11.119939804077148 18.0
46.721439361572266 64.0
25.952014923095703 36.0
10.394824981689453 35.0
7.693222999572754 18.0
0.2073574960231781 14.0
18.47442054748535 13.0
105.1177749633789 96.0
4.798277854919434 9.0
11.959108352661133 34.0
18.148052215576172 68.0
20.975433349609375 45.0
26.145343780517578 32.0
29.374095916748047 62.0
35.55570602416992 52.0
50.1930046081543 63.0
67.3720932006836 117.0
1.470757007598877 0.0
5.867603302001953 0.0
30.62579345703125 63.0
4.577121734619141 2.0
0.49982136487960815 2.0
56.201866149902344 62.0
18.50458526611328 26.0
25.262434005737305 42.0
14.868844985961914 59.0
34.63003921508789 62.0
30.983951568603516 66.0
10.659136772155762 71.0
34.56407165527344 67.0
9.434355735778809 17.0
6.2477216720581055 13.0
5.4052958488464355 44.0
33.799163818359375 54.0
39.461219787597656 19.0
24.360595703125 17.0
54.97057342529297 68.0
5.878342628479004 19.0
3.317352533340454 9.0
35.00341033935547 42.0
35.284236907958984 62.0
0.00034030346432700753 0.0
2.1851067543029785 2.0
36.24530792236328 56.0
8.438688278198242 15.0
30.399368286132812 52.0
55.57966613769531 47.0
41.78990936279297 51.0
31.347339630126953 41.0
11.813151359558105 45.0
36.418312072753906 61.0
8.497432708740234 1.0
25.514663696289062 47.0
39.96092987060547 47.0
12.489871978759766 21.0
9.154417991638184 15.0
19.616756439208984 40.0
39.478824615478516 64.0
3.875678062438965 3.0
16.84952163696289 4.0
13.324663162231445 70.0
18.7298583984375 38.0
3.0680341720581055 1.0
45.803768157958984 45.0
10.901308059692383 18.0
83.13233184814453 85.0
5.118942737579346 18.0
15.674919128417969 44.0
44.264610290527344 62.0
36.7111701965332 51.0
99.18171691894531 96.0
7.1393914222717285 18.0
85.96615600585938 100.0
20.576379776000977 64.0
40.77438735961914 48.0
2.9147467613220215 5.0
45.115997314453125 65.0
41.737274169921875 53.0
40.880043029785156 52.0
26.098670959472656 57.0
0.0 0.0
14.727327346801758 69.0
39.37767028808594 52.0
20.462276458740234 28.0
23.64275360107422 40.0
1.7976186275482178 5.0
39.545650482177734 64.0
54.76678466796875 120.0
24.429794311523438 70.0
33.38587951660156 61.0
4.725824356079102 24.0
35.864341735839844 66.0
10.328969955444336 0.0
33.769432067871094 63.0
36.744319915771484 38.0
9.46613883972168 16.0
4.786694049835205 1.0
10.698604583740234 16.0
6.310712814331055 22.0
47.61880111694336 0.0
42.432289123535156 40.0
42.077945709228516 0.0
5.10746955871582 14.0
25.757137298583984 54.0
11.359106063842773 64.0
33.330528259277344 41.0
40.1367301940918 46.0
21.1939697265625 45.0
32.00136184692383 63.0
2.883033037185669 4.0
8.416862487792969 12.0
28.865415573120117 50.0
29.491966247558594 33.0
115.88858032226562 90.0
0.0 0.0
38.015960693359375 97.0
21.71575164794922 40.0
18.072813034057617 23.0
26.76007080078125 44.0
21.307790756225586 32.0
7.798377990722656 49.0
29.383831024169922 41.0
23.208972930908203 60.0
23.859149932861328 32.0
11.404333114624023 42.0
31.494741439819336 66.0
28.376384735107422 66.0
37.036338806152344 63.0
20.90634536743164 24.0
12.000813484191895 40.0
23.047962188720703 36.0
40.29826354980469 42.0
32.38969421386719 50.0
34.775169372558594 66.0
28.684795379638672 51.0
30.13057518005371 51.0
24.576160430908203 31.0
40.84673309326172 102.0
1.2493773698806763 0.0
10.357741355895996 18.0
28.59306526184082 36.0
1.5563485622406006 0.0
4.8029937744140625 20.0
36.12852478027344 66.0
23.370580673217773 83.0
24.243022918701172 14.0
19.83757209777832 19.0
13.33251953125 17.0
6.767922878265381 9.0
35.068782806396484 31.0
10.547420501708984 5.0
15.243022918701172 39.0
29.13286590576172 94.0
27.32634735107422 37.0
20.14620018005371 68.0
15.155567169189453 26.0
16.106700897216797 37.0
16.017351150512695 0.0
0.6350037455558777 0.0
13.230491638183594 24.0
34.15610122680664 83.0
38.39079284667969 63.0
21.873218536376953 4.0
32.762657165527344 51.0
28.157041549682617 37.0
1.2546939849853516 0.0
32.601654052734375 62.0
0.43427515029907227 0.0
28.341991424560547 66.0
24.55997657775879 40.0
31.9246826171875 56.0
32.50177764892578 53.0
27.961013793945312 65.0
11.687257766723633 21.0
32.25343322753906 52.0
33.870765686035156 51.0
12.079734802246094 36.0
3.1179404258728027 0.0
0.6680355072021484 1.0
32.53586196899414 69.0
29.059349060058594 65.0
38.237056732177734 64.0
9.56052017211914 28.0
11.391378402709961 26.0
38.29053497314453 63.0
37.51301193237305 104.0
18.517314910888672 18.0
27.982412338256836 64.0
25.73653221130371 36.0
15.896039009094238 35.0
13.78929328918457 18.0
2.5298333168029785 14.0
8.862241744995117 13.0
44.68975830078125 96.0
9.33456802368164 9.0
19.567081451416016 34.0
21.889102935791016 68.0
30.43453025817871 45.0
27.35943603515625 32.0
38.00480651855469 62.0
39.27330017089844 52.0
51.38831329345703 63.0
31.175081253051758 117.0
1.5271974802017212 0.0
0.9288560152053833 0.0
38.44289016723633 63.0
1.1437829732894897 2.0
1.2409026622772217 2.0
28.30467987060547 62.0
17.344505310058594 26.0
34.22126770019531 42.0
22.831771850585938 59.0
40.2402229309082 62.0
28.253589630126953 66.0
25.51583480834961 71.0
40.89017105102539 67.0
17.231876373291016 17.0
7.880832672119141 13.0
11.786415100097656 44.0
35.419761657714844 54.0
12.324892044067383 19.0
17.860382080078125 17.0
30.541667938232422 68.0
13.811524391174316 19.0
5.40859842300415 9.0
29.299301147460938 42.0
36.446441650390625 62.0
0.6374496221542358 0.0
4.113116264343262 2.0
36.436485290527344 56.0
8.310102462768555 15.0
35.1500129699707 52.0
40.19357681274414 47.0
31.456558227539062 51.0
28.905893325805664 41.0
19.745128631591797 45.0
42.76318359375 61.0
1.8290513753890991 1.0
31.169429779052734 47.0
39.07387161254883 47.0
9.356391906738281 21.0
14.003094673156738 15.0
30.630159378051758 40.0
42.93933868408203 64.0
1.959784984588623 3.0
16.30801010131836 4.0
15.58043384552002 70.0
22.516706466674805 38.0
1.2007286548614502 1.0
34.21347427368164 45.0
12.265796661376953 18.0
37.51519012451172 85.0
11.190473556518555 18.0
20.752344131469727 44.0
46.647544860839844 62.0
35.703697204589844 51.0
40.242313385009766 96.0
12.84809684753418 18.0
42.97014617919922 100.0
28.65553092956543 64.0
32.677879333496094 48.0
7.606508731842041 5.0
48.27490234375 65.0
34.95854949951172 53.0
38.4752197265625 52.0
29.289451599121094 57.0
0.5690115690231323 0.0
27.024150848388672 69.0
31.930831909179688 52.0
14.838556289672852 28.0
32.45204162597656 40.0
10.508264541625977 5.0
45.1982307434082 64.0
47.341156005859375 120.0
33.85938262939453 70.0
37.985477447509766 61.0
10.968781471252441 24.0
42.837799072265625 66.0
2.320694923400879 0.0
40.01173400878906 63.0
20.882831573486328 38.0
16.530929565429688 16.0
0.9106541872024536 1.0
13.495698928833008 16.0
17.59467315673828 22.0
11.65003776550293 0.0
36.610923767089844 40.0
4.696735382080078 0.0
6.72845458984375 14.0
18.8411922454834 54.0
18.258102416992188 64.0
25.25394630432129 41.0
24.008747100830078 46.0
27.87510871887207 45.0
38.26725769042969 63.0
4.170058250427246 4.0
12.546111106872559 12.0
33.34176254272461 50.0
19.26305389404297 33.0
41.22996520996094 90.0
2.1929550170898438 0.0
