4.914488792419434 97.0
4.840058326721191 40.0
4.79738712310791 23.0
4.819607734680176 44.0
4.785926818847656 32.0
3.85435152053833 49.0
4.792611122131348 41.0
3.7740254402160645 60.0
4.805334091186523 32.0
4.908204078674316 42.0
4.796408653259277 66.0
4.8662261962890625 66.0
4.805663108825684 63.0
4.870367050170898 24.0
4.844843864440918 40.0
4.814474105834961 36.0
4.797652244567871 42.0
4.860265731811523 50.0
4.820413589477539 66.0
4.840705394744873 51.0
4.828487396240234 51.0
4.808598518371582 31.0
4.907439231872559 102.0
4.874879837036133 0.0
4.858970642089844 18.0
4.822844982147217 36.0
4.846249580383301 0.0
4.83996057510376 20.0
4.8226447105407715 66.0
4.9068603515625 83.0
4.8865509033203125 14.0
4.844964981079102 19.0
4.822084426879883 17.0
4.8826775550842285 9.0
4.807341575622559 31.0
4.81511116027832 5.0
4.903372764587402 39.0
4.951474666595459 94.0
4.798635482788086 37.0
4.863608360290527 68.0
4.862407684326172 26.0
4.8964128494262695 37.0
4.900006294250488 0.0
4.852325439453125 0.0
4.8658342361450195 24.0
4.895269870758057 83.0
4.759365081787109 63.0
3.7739572525024414 4.0
4.812856674194336 51.0
4.8259124755859375 37.0
4.84658145904541 0.0
4.853075981140137 62.0
4.851470947265625 0.0
4.8610615730285645 66.0
4.856828689575195 40.0
4.816603183746338 56.0
4.825877666473389 53.0
4.820507526397705 65.0
4.909109115600586 21.0
4.848979949951172 52.0
4.809401512145996 51.0
3.802520751953125 36.0
4.827343940734863 0.0
4.861503601074219 1.0
4.877383232116699 69.0
4.846538543701172 65.0
4.75984001159668 64.0
3.8185038566589355 28.0
4.866360187530518 26.0
4.839875221252441 63.0
4.907037734985352 104.0
4.822887420654297 18.0
4.895674228668213 64.0
4.815881252288818 36.0
4.825099945068359 35.0
3.804914951324463 18.0
4.842033863067627 14.0
4.878215789794922 13.0
4.930713653564453 96.0
4.8386640548706055 9.0
4.82191276550293 34.0
4.865665435791016 68.0
4.792388916015625 45.0
4.815997123718262 32.0
4.792044639587402 62.0
4.828701019287109 52.0
4.746585845947266 63.0
4.900112152099609 117.0
4.866269111633301 0.0
4.871428489685059 0.0
4.814976692199707 63.0
4.870328903198242 2.0
3.837635040283203 2.0
4.909085273742676 62.0
4.85333251953125 26.0
4.791327476501465 42.0
3.7660470008850098 59.0
4.777788162231445 62.0
4.875725746154785 66.0
4.822175025939941 71.0
4.787842750549316 67.0
4.830753326416016 17.0
4.831489562988281 13.0
4.833156585693359 44.0
4.82770299911499 54.0
4.905738353729248 19.0
4.878300666809082 17.0
4.899198532104492 68.0
4.856607913970947 19.0
4.840457916259766 9.0
4.857967376708984 42.0
4.821968078613281 62.0
4.8492112159729 0.0
3.8396639823913574 2.0
4.820822238922119 56.0
4.87408447265625 15.0
4.825078010559082 52.0
4.884864330291748 47.0
4.853316783905029 51.0
4.849775791168213 41.0
4.833989143371582 45.0
4.806621551513672 61.0
4.878391265869141 1.0
4.810713291168213 47.0
4.841839790344238 47.0
4.865366458892822 21.0
4.819470405578613 15.0
4.7971882820129395 40.0
4.760561943054199 64.0
4.86830472946167 3.0
4.868892669677734 4.0
4.855984687805176 70.0
4.83206033706665 38.0
4.872776031494141 1.0
4.856525421142578 45.0
4.865205764770508 18.0
4.916000843048096 85.0
4.85744571685791 18.0
4.820646286010742 44.0
4.749587059020996 62.0
4.805202007293701 51.0
4.926241874694824 96.0
4.82877779006958 18.0
4.913997173309326 100.0
4.8531718254089355 64.0
4.862278938293457 48.0
4.828088283538818 5.0
4.761962890625 65.0
4.859411239624023 53.0
4.845818042755127 52.0
4.849225997924805 57.0
3.8174643516540527 0.0
4.855375289916992 69.0
4.85858154296875 52.0
4.861231803894043 28.0
4.791223049163818 40.0
4.807853698730469 5.0
4.798417091369629 64.0
4.876845836639404 120.0
4.8288373947143555 70.0
4.820013046264648 61.0
3.8085896968841553 24.0
4.807504177093506 66.0
4.8820600509643555 0.0
4.798168182373047 63.0
4.8989691734313965 38.0
4.841076374053955 16.0
4.871039867401123 1.0
4.814910888671875 16.0
4.7904253005981445 22.0
4.911816596984863 0.0
4.869300842285156 40.0
4.913754940032959 0.0
4.856120586395264 14.0
4.828610420227051 54.0
3.8038811683654785 64.0
4.85560941696167 41.0
4.850083351135254 46.0
4.791299819946289 45.0
4.779009819030762 63.0
4.869279861450195 4.0
4.823769569396973 12.0
4.8374834060668945 50.0
4.8623809814453125 33.0
4.942027568817139 90.0
4.843648910522461 0.0
223.0631561279297 97.0
74.82319641113281 40.0
41.218360900878906 23.0
59.094940185546875 44.0
33.27272033691406 32.0
117.15960693359375 49.0
41.33500671386719 41.0
7.117290496826172 60.0
41.00200653076172 32.0
185.79293823242188 42.0
40.493431091308594 66.0
143.447021484375 66.0
44.10500717163086 63.0
138.28988647460938 24.0
99.09927368164062 40.0
9.273923873901367 36.0
12.500535011291504 42.0
105.04115295410156 50.0
23.98286247253418 66.0
76.03197479248047 51.0
28.076812744140625 51.0
23.007169723510742 31.0
215.00587463378906 102.0
163.45883178710938 0.0
98.84814453125 18.0
60.87047576904297 36.0
112.59540557861328 0.0
92.7220458984375 20.0
63.76490783691406 66.0
192.84408569335938 83.0
158.32919311523438 14.0
115.07101440429688 19.0
57.582916259765625 17.0
135.9891357421875 9.0
23.282472610473633 31.0
59.039634704589844 5.0
208.4986114501953 39.0
260.9759521484375 94.0
28.763011932373047 37.0
134.5404510498047 68.0
77.29998779296875 26.0
197.50189208984375 37.0
151.78472900390625 0.0
142.41297912597656 0.0
100.774169921875 24.0
200.8045196533203 83.0
9.57494831085205 63.0
6.278646469116211 4.0
43.78551483154297 51.0
11.495016098022461 37.0
123.93527221679688 0.0
117.61127471923828 62.0
124.56773376464844 0.0
130.94610595703125 66.0
111.12578582763672 40.0
48.4471549987793 56.0
56.92914581298828 53.0
39.654605865478516 65.0
212.24887084960938 21.0
104.68502807617188 52.0
7.56528377532959 51.0
43.84645080566406 36.0
111.2919921875 0.0
60.389625549316406 1.0
128.91249084472656 69.0
113.93000793457031 65.0
8.418174743652344 64.0
68.24369049072266 28.0
98.43168640136719 26.0
93.431396484375 63.0
216.69561767578125 104.0
60.93125534057617 18.0
196.29449462890625 64.0
4.979145050048828 36.0
57.795677185058594 35.0
34.32105255126953 18.0
101.64682006835938 14.0
127.02816772460938 13.0
245.0135040283203 96.0
88.28758239746094 9.0
56.4322509765625 34.0
135.78399658203125 68.0
38.626426696777344 45.0
49.94835662841797 32.0
23.459951400756836 62.0
68.41468811035156 52.0
17.778324127197266 63.0
179.60055541992188 117.0
136.79513549804688 0.0
152.60609436035156 0.0
70.93170166015625 63.0
148.63510131835938 2.0
98.73921203613281 2.0
219.4728546142578 62.0
95.18855285644531 26.0
45.06818771362305 42.0
7.419053077697754 59.0
16.71234703063965 62.0
150.99356079101562 66.0
70.51972961425781 71.0
35.13175582885742 67.0
89.3942642211914 17.0
65.81654357910156 13.0
86.36119079589844 44.0
86.06118774414062 54.0
214.0580291748047 19.0
151.56109619140625 17.0
203.42434692382812 68.0
133.52996826171875 19.0
92.79216003417969 9.0
79.41938018798828 42.0
64.26815795898438 62.0
122.609130859375 0.0
105.1580810546875 2.0
73.74545288085938 56.0
158.5146026611328 15.0
59.68859100341797 52.0
176.72634887695312 47.0
75.5167465209961 51.0
85.60171508789062 41.0
94.40560913085938 45.0
47.556156158447266 61.0
165.1727294921875 1.0
36.43360137939453 47.0
89.021484375 47.0
117.75674438476562 21.0
62.480464935302734 15.0
34.545204162597656 40.0
12.572125434875488 64.0
124.63833618164062 3.0
139.83493041992188 4.0
104.46489715576172 70.0
14.755370140075684 38.0
129.80059814453125 1.0
85.05450439453125 45.0
143.48336791992188 18.0
225.693603515625 85.0
128.63211059570312 18.0
56.100013732910156 44.0
14.993569374084473 62.0
9.243508338928223 51.0
231.49551391601562 96.0
80.01950073242188 18.0
227.17636108398438 100.0
119.015380859375 64.0
111.6489486694336 48.0
55.530494689941406 5.0
20.102882385253906 65.0
102.73313903808594 53.0
86.68238830566406 52.0
111.32255554199219 57.0
63.69098663330078 0.0
131.12828063964844 69.0
100.81854248046875 52.0
99.01318359375 28.0
41.14884948730469 40.0
44.47441101074219 5.0
49.532508850097656 64.0
178.7064971923828 120.0
66.8470458984375 70.0
74.04817199707031 61.0
45.12751770019531 24.0
62.80633544921875 66.0
168.91452026367188 0.0
33.64649200439453 63.0
205.28082275390625 38.0
100.47380828857422 16.0
108.13905334472656 1.0
52.25541687011719 16.0
32.236419677734375 22.0
214.23388671875 0.0
146.415771484375 40.0
204.3426513671875 0.0
100.32100677490234 14.0
39.58088684082031 54.0
36.327632904052734 64.0
94.06695556640625 41.0
43.42367935180664 46.0
31.0817813873291 45.0
12.730375289916992 63.0
95.26499938964844 4.0
52.84291076660156 12.0
72.07181549072266 50.0
76.34060668945312 33.0
253.80413818359375 90.0
134.30316162109375 0.0
58.99222183227539 97.0
17.328250885009766 40.0
15.79328727722168 23.0
15.775392532348633 44.0
21.959331512451172 32.0
27.818607330322266 49.0
20.753087997436523 41.0
17.455307006835938 60.0
17.870590209960938 32.0
48.07102966308594 42.0
28.753860473632812 66.0
40.455528259277344 66.0
30.675569534301758 63.0
27.865610122680664 24.0
18.034854888916016 40.0
15.530810356140137 36.0
22.961843490600586 42.0
25.269821166992188 50.0
36.61737060546875 66.0
16.041324615478516 51.0
18.70138168334961 51.0
13.03370475769043 31.0
59.21796798706055 102.0
12.134598731994629 0.0
20.108165740966797 18.0
21.77057647705078 36.0
4.945234775543213 0.0
10.35750961303711 20.0
39.453514099121094 66.0
53.69081115722656 83.0
17.547605514526367 14.0
28.429874420166016 19.0
18.315250396728516 17.0
25.634498596191406 9.0
22.627824783325195 31.0
7.835983753204346 5.0
31.297670364379883 39.0
72.7569808959961 94.0
17.178842544555664 37.0
35.18214416503906 68.0
11.358097076416016 26.0
24.97559356689453 37.0
13.445379257202148 0.0
11.177618026733398 0.0
20.354772567749023 24.0
42.598995208740234 83.0
28.877952575683594 63.0
18.041927337646484 4.0
21.579193115234375 51.0
16.516786575317383 37.0
7.523505687713623 0.0
35.881675720214844 62.0
6.241922855377197 0.0
38.69672393798828 66.0
26.483177185058594 40.0
18.007736206054688 56.0
18.495214462280273 53.0
33.8717041015625 65.0
41.415794372558594 21.0
30.302265167236328 52.0
21.832592010498047 51.0
8.983186721801758 36.0
3.8919143676757812 0.0
9.581657409667969 1.0
39.30064010620117 69.0
23.510866165161133 65.0
28.026275634765625 64.0
7.63468599319458 28.0
14.141416549682617 26.0
26.87408447265625 63.0
50.99755859375 104.0
17.256521224975586 18.0
39.017372131347656 64.0
16.802106857299805 36.0
11.247459411621094 35.0
9.818315505981445 18.0
8.767644882202148 14.0
26.248985290527344 13.0
68.03363800048828 96.0
17.726551055908203 9.0
12.643951416015625 34.0
37.07603454589844 68.0
23.441364288330078 45.0
26.209320068359375 32.0
24.76861572265625 62.0
26.440067291259766 52.0
38.776100158691406 63.0
62.5604248046875 117.0
12.51266860961914 0.0
32.02872848510742 0.0
34.94084930419922 63.0
33.21986389160156 2.0
22.15496253967285 2.0
43.46342086791992 62.0
26.29947280883789 26.0
25.574871063232422 42.0
15.396661758422852 59.0
28.13442611694336 62.0
46.77302551269531 66.0
14.10055923461914 71.0
31.448883056640625 67.0
22.64250946044922 17.0
15.068131446838379 13.0
21.023540496826172 44.0
38.284542083740234 54.0
31.59412956237793 19.0
30.31899070739746 17.0
47.613590240478516 68.0
30.993423461914062 19.0
15.764413833618164 9.0
18.12063980102539 42.0
40.215965270996094 62.0
5.685083389282227 0.0
13.714212417602539 2.0
34.94205093383789 56.0
34.64556121826172 15.0
22.764495849609375 52.0
48.83021926879883 47.0
25.341995239257812 51.0
19.4986572265625 41.0
17.73177719116211 45.0
33.05079650878906 61.0
33.56588363647461 1.0
21.39330291748047 47.0
28.73841667175293 47.0
24.096458435058594 21.0
11.853830337524414 15.0
20.17062759399414 40.0
30.437923431396484 64.0
10.045499801635742 3.0
12.532898902893066 4.0
30.135501861572266 70.0
13.530336380004883 38.0
8.09524154663086 1.0
26.830150604248047 45.0
34.08866500854492 18.0
55.49484634399414 85.0
32.816837310791016 18.0
14.591900825500488 44.0
34.95144271850586 62.0
22.443260192871094 51.0
68.70970153808594 96.0
21.113990783691406 18.0
55.91755676269531 100.0
36.497859954833984 64.0
25.69589614868164 48.0
7.369826316833496 5.0
37.78647232055664 65.0
26.514602661132812 53.0
28.731542587280273 52.0
34.908775329589844 57.0
17.732769012451172 0.0
27.170211791992188 69.0
26.34111785888672 52.0
17.89333724975586 28.0
23.666799545288086 40.0
7.047304153442383 5.0
33.863067626953125 64.0
45.89791488647461 120.0
25.487503051757812 70.0
37.162750244140625 61.0
8.61170768737793 24.0
34.899776458740234 66.0
32.25080490112305 0.0
27.9145450592041 63.0
31.19390106201172 38.0
23.152423858642578 16.0
11.429084777832031 1.0
16.504444122314453 16.0
11.37080192565918 22.0
40.25565719604492 0.0
29.903539657592773 40.0
32.93539047241211 0.0
8.333301544189453 14.0
27.028162002563477 54.0
13.685805320739746 64.0
25.512691497802734 41.0
25.043926239013672 46.0
23.899005889892578 45.0
27.419044494628906 63.0
7.793042182922363 4.0
10.055869102478027 12.0
21.532573699951172 50.0
19.974872589111328 33.0
67.82809448242188 90.0
8.733161926269531 0.0
79.8939208984375 97.0
34.267738342285156 40.0
24.286046981811523 23.0
33.504425048828125 44.0
25.53412628173828 32.0
8.033905029296875 49.0
34.981544494628906 41.0
19.87019157409668 60.0
29.194957733154297 32.0
32.335697174072266 42.0
40.31665802001953 66.0
50.2059326171875 66.0
50.58544921875 63.0
26.658693313598633 24.0
17.736282348632812 40.0
28.25702667236328 36.0
38.8967170715332 42.0
41.04022216796875 50.0
52.22244644165039 66.0
38.58821487426758 51.0
34.62541961669922 51.0
28.78219985961914 31.0
81.23250579833984 102.0
3.4077844619750977 0.0
20.27675437927246 18.0
34.69784927368164 36.0
3.5350704193115234 0.0
7.732729434967041 20.0
57.80028533935547 66.0
56.713932037353516 83.0
30.17198371887207 14.0
28.028682708740234 19.0
21.036460876464844 17.0
11.375414848327637 9.0
36.78406524658203 31.0
14.659095764160156 5.0
35.49616241455078 39.0
84.93017578125 94.0
30.722248077392578 37.0
36.076995849609375 68.0
18.29880142211914 26.0
39.077293395996094 37.0
10.110107421875 0.0
2.428773880004883 0.0
23.287132263183594 24.0
63.91352462768555 83.0
44.15008544921875 63.0
15.850174903869629 4.0
41.149131774902344 51.0
22.47722625732422 37.0
2.548253297805786 0.0
47.092655181884766 62.0
2.543586254119873 0.0
48.43268966674805 66.0
39.798309326171875 40.0
37.73988342285156 56.0
43.694313049316406 53.0
43.744476318359375 65.0
32.103416442871094 21.0
49.439964294433594 52.0
33.143096923828125 51.0
13.996622085571289 36.0
3.1326897144317627 0.0
2.964898109436035 1.0
52.04035949707031 69.0
44.25066375732422 65.0
43.84534454345703 64.0
12.03396224975586 28.0
17.49344253540039 26.0
46.86846923828125 63.0
64.4300308227539 104.0
26.33747100830078 18.0
54.068416595458984 64.0
20.512001037597656 36.0
21.465503692626953 35.0
12.730121612548828 18.0
4.458392143249512 14.0
14.296504020690918 13.0
96.03398895263672 96.0
16.068483352661133 9.0
25.476415634155273 34.0
40.985931396484375 68.0
37.88053894042969 45.0
37.23501205444336 32.0
45.247589111328125 62.0
48.314334869384766 52.0
58.446990966796875 63.0
63.19596481323242 117.0
3.5811400413513184 0.0
4.218748569488525 0.0
53.774169921875 63.0
4.339919090270996 2.0
3.007761001586914 2.0
59.372962951660156 62.0
27.943147659301758 26.0
40.91476821899414 42.0
20.818279266357422 59.0
45.72913360595703 62.0
53.92736053466797 66.0
33.51300811767578 71.0
50.53081130981445 67.0
18.09010887145996 17.0
12.097631454467773 13.0
17.84476661682129 44.0
50.02003479003906 54.0
36.12548828125 19.0
22.628450393676758 17.0
59.2973518371582 68.0
18.020877838134766 19.0
9.558752059936523 9.0
33.80902099609375 42.0
55.52617645263672 62.0
2.893325090408325 0.0
5.085822105407715 2.0
49.5604248046875 56.0
14.124940872192383 15.0
42.9950065612793 52.0
63.17451477050781 47.0
39.24247741699219 51.0
34.89570999145508 41.0
28.990543365478516 45.0
56.30341339111328 61.0
4.600016117095947 1.0
34.72843551635742 47.0
48.246009826660156 47.0
16.65557098388672 21.0
18.749855041503906 15.0
34.435909271240234 40.0
47.51945114135742 64.0
4.910240173339844 3.0
38.866336822509766 4.0
28.06169891357422 70.0
23.419189453125 38.0
5.2250800132751465 1.0
40.572898864746094 45.0
17.641712188720703 18.0
79.98729705810547 85.0
16.59577178955078 18.0
25.734840393066406 44.0
50.8623161315918 62.0
33.20828628540039 51.0
88.50962829589844 96.0
18.55893325805664 18.0
91.3546142578125 100.0
42.03169631958008 64.0
40.911651611328125 48.0
9.196910858154297 5.0
58.81917953491211 65.0
42.08202362060547 53.0
48.14858627319336 52.0
41.009796142578125 57.0
2.4708070755004883 0.0
40.19970703125 69.0
41.20712661743164 52.0
22.37586212158203 28.0
38.32569885253906 40.0
14.839373588562012 5.0
55.37709426879883 64.0
68.95868682861328 120.0
43.301490783691406 70.0
54.88405990600586 61.0
12.280478477478027 24.0
56.407981872558594 66.0
5.297881603240967 0.0
47.83014678955078 63.0
46.691795349121094 38.0
16.999404907226562 16.0
3.8973851203918457 1.0
18.487548828125 16.0
23.615966796875 22.0
24.821474075317383 0.0
49.387638092041016 40.0
10.647010803222656 0.0
12.14759635925293 14.0
29.326946258544922 54.0
18.993398666381836 64.0
35.8441162109375 41.0
33.71930694580078 46.0
34.74781036376953 45.0
45.176025390625 63.0
5.009941577911377 4.0
14.480207443237305 12.0
40.75734329223633 50.0
27.988109588623047 33.0
97.13465881347656 90.0
2.3960556983947754 0.0
46.84320831298828 97.0
16.996931076049805 40.0
11.510746002197266 23.0
23.095094680786133 44.0
10.654417037963867 32.0
1.4076740741729736 49.0
22.09725570678711 41.0
10.594412803649902 60.0
17.389331817626953 32.0
14.157613754272461 42.0
19.14550018310547 66.0
22.189010620117188 66.0
28.24209213256836 63.0
16.02324676513672 24.0
10.178583145141602 40.0
17.55712127685547 36.0
32.00252151489258 42.0
28.950408935546875 50.0
37.634796142578125 66.0
24.70551109313965 51.0
24.52078628540039 51.0
20.164688110351562 31.0
49.70958709716797 102.0
0.1938323676586151 0.0
7.311943531036377 18.0
20.19869613647461 36.0
0.3330199122428894 0.0
3.510956287384033 20.0
29.412925720214844 66.0
29.846097946166992 83.0
21.323688507080078 14.0
11.573650360107422 19.0
7.87900447845459 17.0
5.2104105949401855 9.0
28.7359619140625 31.0
5.788176536560059 5.0
14.873109817504883 39.0
28.527999877929688 94.0
19.02014923095703 37.0
17.31102752685547 68.0
9.587982177734375 26.0
17.688186645507812 37.0
3.7410483360290527 0.0
0.0 0.0
9.619829177856445 24.0
37.77043914794922 83.0
32.53178024291992 63.0
9.980657577514648 4.0
29.953426361083984 51.0
16.632789611816406 37.0
0.010797372087836266 0.0
28.335233688354492 62.0
0.02987467683851719 0.0
22.877906799316406 66.0
20.199356079101562 40.0
27.041080474853516 56.0
29.86241912841797 53.0
28.37041473388672 65.0
10.376801490783691 21.0
27.29861068725586 52.0
25.160785675048828 51.0
5.702413082122803 36.0
0.05766705423593521 0.0
0.05319769307971001 1.0
32.910919189453125 69.0
23.261642456054688 65.0
32.79336166381836 64.0
4.658310413360596 28.0
8.317479133605957 26.0
33.515708923339844 63.0
43.43172073364258 104.0
12.417665481567383 18.0
29.529281616210938 64.0
14.741320610046387 36.0
14.109970092773438 35.0
6.62451696395874 18.0
0.8804155588150024 14.0
6.841676235198975 13.0
51.430816650390625 96.0
5.483419895172119 9.0
17.632152557373047 34.0
18.802734375 68.0
22.69829750061035 45.0
19.76321029663086 32.0
30.410263061523438 62.0
35.8238525390625 52.0
42.71232604980469 63.0
43.758338928222656 117.0
0.20569580793380737 0.0
0.00189883797429502 0.0
34.03309631347656 63.0
0.08862955868244171 2.0
0.054832637310028076 2.0
30.4326114654541 62.0
11.092074394226074 26.0
26.607778549194336 42.0
10.135648727416992 59.0
33.19032669067383 62.0
26.942277908325195 66.0
18.690326690673828 71.0
35.73273849487305 67.0
7.756879806518555 17.0
5.210763931274414 13.0
9.218868255615234 44.0
31.66126823425293 54.0
11.780810356140137 19.0
13.655464172363281 17.0
33.05648422241211 68.0
5.0348219871521 19.0
2.9267592430114746 9.0
24.079748153686523 42.0
33.33380126953125 62.0
0.08537141233682632 0.0
1.2411918640136719 2.0
34.634674072265625 56.0
4.653880596160889 15.0
31.932064056396484 52.0
38.500953674316406 47.0
26.367416381835938 51.0
24.46622657775879 41.0
17.71263313293457 45.0
38.24732208251953 61.0
0.09056270122528076 1.0
27.566614151000977 47.0
36.34103012084961 47.0
6.1904683113098145 21.0
9.995140075683594 15.0
23.139896392822266 40.0
35.315834045410156 64.0
1.049302339553833 3.0
18.4407958984375 4.0
12.277552604675293 70.0
14.404426574707031 38.0
0.7498711347579956 1.0
31.14169692993164 45.0
5.379783630371094 18.0
41.57032775878906 85.0
4.671735763549805 18.0
18.336835861206055 44.0
38.11991882324219 62.0
25.45262336730957 51.0
50.495723724365234 96.0
7.082458019256592 18.0
48.50993347167969 100.0
19.57665252685547 64.0
28.263967514038086 48.0
3.7845640182495117 5.0
42.2801513671875 65.0
32.32065200805664 53.0
36.67450714111328 52.0
22.57178497314453 57.0
0.0 0.0
21.81729507446289 69.0
26.878475189208984 52.0
11.84217643737793 28.0
23.672636032104492 40.0
6.377039432525635 5.0
34.00069046020508 64.0
51.649314880371094 120.0
26.601734161376953 70.0
33.48598098754883 61.0
5.468899726867676 24.0
39.89405059814453 66.0
0.19059647619724274 0.0
34.27500915527344 63.0
21.466367721557617 38.0
7.095236778259277 16.0
0.13256005942821503 1.0
9.78323745727539 16.0
11.1895112991333 22.0
6.521998882293701 0.0
35.93623352050781 40.0
1.0664786100387573 0.0
5.0210862159729 14.0
18.71914291381836 54.0
11.439781188964844 64.0
20.89029312133789 41.0
22.866971969604492 46.0
21.701854705810547 45.0
33.945587158203125 63.0
0.6582399606704712 4.0
7.886082172393799 12.0
31.445632934570312 50.0
14.847931861877441 33.0
41.785823822021484 90.0
0.003628483973443508 0.0
97.15203857421875 97.0
49.22151565551758 40.0
34.64125061035156 23.0
70.96949768066406 44.0
33.75627899169922 32.0
11.601238250732422 49.0
63.44717788696289 41.0
55.131126403808594 60.0
48.75278091430664 32.0
40.054237365722656 42.0
56.72035598754883 66.0
61.32273864746094 66.0
70.83318328857422 63.0
52.02157974243164 24.0
31.041976928710938 40.0
62.89502716064453 36.0
89.97793579101562 42.0
75.5213623046875 50.0
80.95790100097656 66.0
76.12468719482422 51.0
74.12051391601562 51.0
68.47754669189453 31.0
102.36209106445312 102.0
13.989351272583008 0.0
23.81707000732422 18.0
56.97223663330078 36.0
20.29370880126953 0.0
16.89248275756836 20.0
69.81231689453125 66.0
69.10577392578125 83.0
75.77597045898438 14.0
40.37220764160156 19.0
24.74978256225586 17.0
19.207935333251953 9.0
82.23112487792969 31.0
30.604867935180664 5.0
63.35923767089844 39.0
78.24922943115234 94.0
55.34691619873047 37.0
52.52140808105469 68.0
38.57673645019531 26.0
79.38734436035156 37.0
42.79590606689453 0.0
2.7932920455932617 0.0
28.0598201751709 24.0
94.46089935302734 83.0
85.11038208007812 63.0
56.178245544433594 4.0
88.62813568115234 51.0
56.064022064208984 37.0
7.188294887542725 0.0
70.9406967163086 62.0
7.830784797668457 0.0
62.26756286621094 66.0
52.451171875 40.0
78.76025390625 56.0
86.92958068847656 53.0
65.34217834472656 65.0
45.167686462402344 21.0
66.68563079833984 52.0
75.2583236694336 51.0
46.679039001464844 36.0
17.520606994628906 0.0
1.1683547496795654 1.0
78.06283569335938 69.0
68.34001159667969 65.0
85.32440185546875 64.0
41.78511428833008 28.0
28.17696762084961 26.0
86.49916076660156 63.0
104.6178970336914 104.0
36.49437713623047 18.0
86.95375061035156 64.0
55.337646484375 36.0
54.495948791503906 35.0
49.20090866088867 18.0
10.038265228271484 14.0
25.771305084228516 13.0
107.96733093261719 96.0
27.816909790039062 9.0
62.10146713256836 34.0
53.981422424316406 68.0
60.35506820678711 45.0
51.461997985839844 32.0
77.80686950683594 62.0
92.60738372802734 52.0
105.07681274414062 63.0
92.56597137451172 117.0
10.351274490356445 0.0
0.20488157868385315 0.0
78.6948013305664 63.0
0.7112327814102173 2.0
0.4790889024734497 2.0
88.79086303710938 62.0
32.295265197753906 26.0
71.41593170166016 42.0
50.54036331176758 59.0
83.8345947265625 62.0
66.41806030273438 66.0
63.553279876708984 71.0
87.14481353759766 67.0
31.341327667236328 17.0
20.002960205078125 13.0
28.022462844848633 44.0
69.80227661132812 54.0
63.4433708190918 19.0
44.540565490722656 17.0
80.3652114868164 68.0
20.983388900756836 19.0
12.94561767578125 9.0
72.55517578125 42.0
74.24638366699219 62.0
8.162578582763672 0.0
19.19327163696289 2.0
76.95862579345703 56.0
14.507061958312988 15.0
88.17897033691406 52.0
94.25093078613281 47.0
65.63118743896484 51.0
66.8239517211914 41.0
49.458099365234375 45.0
86.9429702758789 61.0
0.7169690132141113 1.0
79.39337158203125 47.0
99.68048858642578 47.0
19.716442108154297 21.0
31.131874084472656 15.0
63.86354064941406 40.0
90.60971069335938 64.0
12.426371574401855 3.0
79.66532897949219 4.0
41.76924514770508 70.0
58.40009689331055 38.0
17.659894943237305 1.0
75.21654510498047 45.0
18.54840850830078 18.0
92.05792999267578 85.0
18.815513610839844 18.0
61.51232147216797 44.0
98.30152130126953 62.0
73.07965087890625 51.0
104.85481262207031 96.0
27.35409164428711 18.0
100.05274200439453 100.0
58.58092498779297 64.0
71.67727661132812 48.0
19.18115997314453 5.0
102.45449829101562 65.0
82.833740234375 53.0
90.205322265625 52.0
61.57289505004883 57.0
0.16062358021736145 0.0
64.01277160644531 69.0
67.85722351074219 52.0
34.285430908203125 28.0
65.92424774169922 40.0
29.36701202392578 5.0
82.45831298828125 64.0
120.42322540283203 120.0
73.58566284179688 70.0
75.09395599365234 61.0
43.696475982666016 24.0
90.45834350585938 66.0
4.865474224090576 0.0
84.07653045654297 63.0
82.52356719970703 38.0
30.186481475830078 16.0
5.905011177062988 1.0
25.359771728515625 16.0
41.835350036621094 22.0
39.46650695800781 0.0
98.81251525878906 40.0
22.52059555053711 0.0
33.34914016723633 14.0
45.78669738769531 54.0
52.46400451660156 64.0
53.55720138549805 41.0
52.50250244140625 46.0
57.103729248046875 45.0
86.81146240234375 63.0
16.03138542175293 4.0
25.68695068359375 12.0
90.11263275146484 50.0
38.71522521972656 33.0
93.14744567871094 90.0
11.099852561950684 0.0
55.297340393066406 97.0
30.07419776916504 40.0
23.585975646972656 23.0
44.55119705200195 44.0
23.40538787841797 32.0
12.505289077758789 49.0
39.67298126220703 41.0
25.010326385498047 60.0
34.22001647949219 32.0
25.52710723876953 42.0
40.370094299316406 66.0
41.4140625 66.0
47.64524841308594 63.0
35.851341247558594 24.0
23.52811050415039 40.0
37.298622131347656 36.0
66.61259460449219 42.0
49.76658630371094 50.0
69.59829711914062 66.0
41.99294662475586 51.0
46.76982879638672 51.0
43.55766296386719 31.0
59.837982177734375 102.0
4.227756500244141 0.0
16.480693817138672 18.0
39.76890182495117 36.0
3.6431102752685547 0.0
11.945822715759277 20.0
54.71966552734375 66.0
40.82665252685547 83.0
34.52529525756836 14.0
25.396669387817383 19.0
19.600914001464844 17.0
20.40121841430664 9.0
60.84414291381836 31.0
12.934747695922852 5.0
13.358208656311035 39.0
28.75223731994629 94.0
37.26699447631836 37.0
37.947994232177734 68.0
22.166744232177734 26.0
16.744230270385742 37.0
15.869643211364746 0.0
3.0563714504241943 0.0
20.588722229003906 24.0
39.91200256347656 83.0
59.3588752746582 63.0
30.35974884033203 4.0
52.73548126220703 51.0
41.54670333862305 37.0
2.959315061569214 0.0
52.19855499267578 62.0
2.7473597526550293 0.0
43.90100860595703 66.0
34.10650634765625 40.0
50.442291259765625 56.0
49.45440673828125 53.0
57.79845428466797 65.0
12.680234909057617 21.0
44.96826934814453 52.0
51.2386360168457 51.0
12.885780334472656 36.0
1.6566534042358398 0.0
8.393659591674805 1.0
56.6795654296875 69.0
39.181434631347656 65.0
60.0913200378418 64.0
10.104379653930664 28.0
19.222232818603516 26.0
58.97066879272461 63.0
47.55754089355469 104.0
25.167896270751953 18.0
31.418319702148438 64.0
38.333473205566406 36.0
32.377017974853516 35.0
18.41996192932129 18.0
6.257528305053711 14.0
23.434959411621094 13.0
54.217262268066406 96.0
17.61669921875 9.0
37.5692138671875 34.0
39.09663391113281 68.0
40.348297119140625 45.0
38.710052490234375 32.0
50.463966369628906 62.0
61.13627624511719 52.0
73.19912719726562 63.0
63.03227615356445 117.0
6.403095245361328 0.0
8.347583770751953 0.0
60.749942779541016 63.0
9.760074615478516 2.0
6.425318717956543 2.0
26.672664642333984 62.0
22.94358253479004 26.0
47.247371673583984 42.0
22.224031448364258 59.0
59.95412826538086 62.0
48.164222717285156 66.0
34.44731140136719 71.0
64.91453552246094 67.0
19.19887351989746 17.0
15.483869552612305 13.0
25.21084976196289 44.0
56.60164260864258 54.0
9.347630500793457 19.0
32.98957061767578 17.0
37.889991760253906 68.0
16.47669219970703 19.0
11.073715209960938 9.0
45.20009231567383 42.0
59.93207550048828 62.0
2.5876240730285645 0.0
6.9787068367004395 2.0
62.626914978027344 56.0
18.315185546875 15.0
55.84645080566406 52.0
56.621116638183594 47.0
48.088985443115234 51.0
41.167335510253906 41.0
34.32421875 45.0
64.2401123046875 61.0
8.748878479003906 1.0
56.56645584106445 47.0
64.1576156616211 47.0
17.129440307617188 21.0
19.38857650756836 15.0
43.56460952758789 40.0
63.90092086791992 64.0
6.311948776245117 3.0
17.904327392578125 4.0
33.54983901977539 70.0
33.695655822753906 38.0
5.005489349365234 1.0
54.500244140625 45.0
18.73072052001953 18.0
42.61769485473633 85.0
16.069141387939453 18.0
38.04772186279297 44.0
68.60792541503906 62.0
51.62154006958008 51.0
55.18178176879883 96.0
19.327190399169922 18.0
54.263648986816406 100.0
40.24552536010742 64.0
48.40479278564453 48.0
11.479927062988281 5.0
74.54886627197266 65.0
55.62491989135742 53.0
61.39277648925781 52.0
45.08293914794922 57.0
3.888772964477539 0.0
38.74717712402344 69.0
46.642005920410156 52.0
24.54303741455078 28.0
42.4854736328125 40.0
15.014159202575684 5.0
55.44440841674805 64.0
69.56617736816406 120.0
52.32525634765625 70.0
59.005393981933594 61.0
14.431848526000977 24.0
68.48883056640625 66.0
8.007732391357422 0.0
57.31791305541992 63.0
19.519811630249023 38.0
18.74880599975586 16.0
6.5281453132629395 1.0
21.911514282226562 16.0
21.713619232177734 22.0
9.697339057922363 0.0
56.18437194824219 40.0
7.889878273010254 0.0
11.959128379821777 14.0
43.597381591796875 54.0
25.378746032714844 64.0
37.678043365478516 41.0
45.75263977050781 46.0
40.60490798950195 45.0
60.23887634277344 63.0
7.238075256347656 4.0
19.092208862304688 12.0
54.609561920166016 50.0
29.56688690185547 33.0
45.98440933227539 90.0
2.803455114364624 0.0
92.0687255859375 97.0
32.77946472167969 40.0
23.390783309936523 23.0
44.13003158569336 44.0
21.168466567993164 32.0
8.58111572265625 49.0
42.393898010253906 41.0
23.899656295776367 60.0
31.271318435668945 32.0
29.86017608642578 42.0
43.559112548828125 66.0
50.832279205322266 66.0
54.933372497558594 63.0
26.63812828063965 24.0
20.283611297607422 40.0
26.39747428894043 36.0
47.002044677734375 42.0
49.46260070800781 50.0
65.5428466796875 66.0
50.903316497802734 51.0
40.507266998291016 51.0
31.885967254638672 31.0
100.2423095703125 102.0
5.441770076751709 0.0
15.30929946899414 18.0
38.614463806152344 36.0
7.073986053466797 0.0
10.06641960144043 20.0
60.37506103515625 66.0
60.10250473022461 83.0
33.426727294921875 14.0
28.415063858032227 19.0
17.901762008666992 17.0
11.757659912109375 9.0
42.882110595703125 31.0
13.320046424865723 5.0
31.73291778564453 39.0
56.89524841308594 94.0
33.994075775146484 37.0
42.07634735107422 68.0
20.471086502075195 26.0
34.43474197387695 37.0
8.965350151062012 0.0
5.1767578125 0.0
17.62540054321289 24.0
76.74243927001953 83.0
56.94764709472656 63.0
17.382944107055664 4.0
51.84709548950195 51.0
20.68771743774414 37.0
5.609350204467773 0.0
55.444175720214844 62.0
5.147675514221191 0.0
50.50040054321289 66.0
37.746498107910156 40.0
49.080753326416016 56.0
56.77372741699219 53.0
56.03278350830078 65.0
26.13223648071289 21.0
54.16621780395508 52.0
35.53474426269531 51.0
20.848054885864258 36.0
9.113503456115723 0.0
4.664720058441162 1.0
56.422035217285156 69.0
51.68695831298828 65.0
55.65861511230469 64.0
17.845821380615234 28.0
16.098552703857422 26.0
61.33457946777344 63.0
88.36005401611328 104.0
24.178951263427734 18.0
60.3797492980957 64.0
19.894729614257812 36.0
27.143104553222656 35.0
17.107208251953125 18.0
6.265571117401123 14.0
13.83423137664795 13.0
98.04922485351562 96.0
16.648597717285156 9.0
32.34663391113281 34.0
42.868690490722656 68.0
43.910858154296875 45.0
36.09138107299805 32.0
54.842384338378906 62.0
60.818790435791016 52.0
68.08706665039062 63.0
88.37358093261719 117.0
5.106498718261719 0.0
4.73592472076416 0.0
66.14999389648438 63.0
4.756251811981201 2.0
3.776226758956909 2.0
58.05767822265625 62.0
20.53373146057129 26.0
49.473121643066406 42.0
26.886211395263672 59.0
52.645259857177734 62.0
56.345462799072266 66.0
43.734195709228516 71.0
64.88371276855469 67.0
18.975238800048828 17.0
13.51386833190918 13.0
21.75518035888672 44.0
58.117149353027344 54.0
25.55109214782715 19.0
23.54831314086914 17.0
68.18606567382812 68.0
15.158097267150879 19.0
9.758463859558105 9.0
40.330299377441406 42.0
63.56965255737305 62.0
5.4092020988464355 0.0
8.726907730102539 2.0
63.33311462402344 56.0
13.830491065979004 15.0
54.60662078857422 52.0
76.20466613769531 47.0
41.97278594970703 51.0
36.288978576660156 41.0
35.152801513671875 45.0
70.01896667480469 61.0
4.9674763679504395 1.0
45.95961380004883 47.0
63.70552444458008 47.0
14.463553428649902 21.0
19.889266967773438 15.0
42.022117614746094 40.0
61.436134338378906 64.0
6.856006622314453 3.0
33.74237823486328 4.0
30.699954986572266 70.0
23.169891357421875 38.0
9.641278266906738 1.0
46.64421844482422 45.0
15.055194854736328 18.0
82.44184875488281 85.0
13.731660842895508 18.0
34.85569381713867 44.0
65.63017272949219 62.0
34.02454376220703 51.0
91.40021514892578 96.0
17.095943450927734 18.0
96.5938949584961 100.0
44.26896667480469 64.0
47.8368034362793 48.0
8.87911319732666 5.0
69.2536392211914 65.0
50.961910247802734 53.0
58.727508544921875 52.0
46.85626220703125 57.0
3.8144681453704834 0.0
50.58368682861328 69.0
45.96520233154297 52.0
22.461042404174805 28.0
43.23162078857422 40.0
13.475753784179688 5.0
64.42234802246094 64.0
107.15860748291016 120.0
51.35162353515625 70.0
64.14905548095703 61.0
15.777639389038086 24.0
79.55626678466797 66.0
6.817360877990723 0.0
63.55812072753906 63.0
42.892005920410156 38.0
17.631023406982422 16.0
5.011528968811035 1.0
18.633506774902344 16.0
22.382627487182617 22.0
13.938541412353516 0.0
65.96867370605469 40.0
7.527896881103516 0.0
13.402870178222656 14.0
31.88664436340332 54.0
31.179431915283203 64.0
33.99178695678711 41.0
33.89206314086914 46.0
41.551300048828125 45.0
56.405975341796875 63.0
6.474308013916016 4.0
15.149288177490234 12.0
53.774818420410156 50.0
24.06780242919922 33.0
82.144775390625 90.0
7.296303749084473 0.0
110.1365966796875 97.0
51.51934051513672 40.0
38.6326904296875 23.0
61.489593505859375 44.0
41.557464599609375 32.0
32.44070816040039 49.0
57.21749496459961 41.0
39.77671813964844 60.0
49.62535858154297 32.0
44.2442626953125 42.0
63.58429718017578 66.0
71.57402038574219 66.0
72.28254699707031 63.0
47.0452995300293 24.0
35.17477035522461 40.0
51.676822662353516 36.0
72.148193359375 42.0
70.42377471923828 50.0
80.44586944580078 66.0
68.67054748535156 51.0
65.95172882080078 51.0
54.71284103393555 31.0
110.500732421875 102.0
11.77031135559082 0.0
30.275577545166016 18.0
57.03230285644531 36.0
15.30027961730957 0.0
18.173587799072266 20.0
76.44198608398438 66.0
79.8328857421875 83.0
53.25591278076172 14.0
40.51869583129883 19.0
32.63600158691406 17.0
21.187610626220703 9.0
64.35061645507812 31.0
26.555644989013672 5.0
45.723724365234375 39.0
95.40426635742188 94.0
53.38957595825195 37.0
60.144134521484375 68.0
38.597068786621094 26.0
53.67363739013672 37.0
27.69344711303711 0.0
4.160721778869629 0.0
32.075767517089844 24.0
86.67709350585938 83.0
74.47944641113281 63.0
37.88711166381836 4.0
72.73514556884766 51.0
46.91856384277344 37.0
7.3314690589904785 0.0
71.67947387695312 62.0
7.7648396492004395 0.0
68.97843933105469 66.0
55.25103759765625 40.0
67.82391357421875 56.0
75.27428436279297 53.0
68.78501892089844 65.0
44.5080680847168 21.0
70.9648208618164 52.0
66.09939575195312 51.0
34.46665573120117 36.0
12.531811714172363 0.0
4.767210483551025 1.0
74.3618392944336 69.0
66.19439697265625 65.0
76.8101806640625 64.0
32.253658294677734 28.0
29.790390014648438 26.0
76.74642944335938 63.0
97.52239227294922 104.0
39.98805236816406 18.0
73.07394409179688 64.0
45.499542236328125 36.0
45.03550720214844 35.0
34.62992858886719 18.0
12.304512023925781 14.0
26.144256591796875 13.0
117.91082763671875 96.0
23.702533721923828 9.0
48.93547821044922 34.0
62.0066032409668 68.0
59.41233825683594 45.0
54.28097915649414 32.0
76.25059509277344 62.0
78.343505859375 52.0
89.28174591064453 63.0
96.18620300292969 117.0
10.928370475769043 0.0
9.209903717041016 0.0
80.93031311035156 63.0
12.084341049194336 2.0
10.48044204711914 2.0
78.83988952636719 62.0
41.49998092651367 26.0
63.720741271972656 42.0
38.7542724609375 59.0
78.35304260253906 62.0
73.1747055053711 66.0
55.3409423828125 71.0
80.6777572631836 67.0
33.837928771972656 17.0
21.605575561523438 13.0
36.063690185546875 44.0
75.08596801757812 54.0
44.692867279052734 19.0
42.067657470703125 17.0
79.74073791503906 68.0
31.281665802001953 19.0
17.399917602539062 9.0
63.979000091552734 42.0
79.6781005859375 62.0
7.258028984069824 0.0
18.51201629638672 2.0
78.21638488769531 56.0
28.982425689697266 15.0
72.00936889648438 52.0
83.97467803955078 47.0
64.9534912109375 51.0
56.754783630371094 41.0
50.02699279785156 45.0
88.89653015136719 61.0
12.43559741973877 1.0
64.34738159179688 47.0
76.48760986328125 47.0
27.786537170410156 21.0
31.092958450317383 15.0
60.22699737548828 40.0
78.30274963378906 64.0
13.566980361938477 3.0
56.705322265625 4.0
48.833168029785156 70.0
48.403167724609375 38.0
15.1824951171875 1.0
68.76560974121094 45.0
34.84511947631836 18.0
102.84619903564453 85.0
29.671175003051758 18.0
51.0982666015625 44.0
82.69264221191406 62.0
63.459869384765625 51.0
108.92562103271484 96.0
30.05964469909668 18.0
122.04586791992188 100.0
65.34075927734375 64.0
67.33610534667969 48.0
20.924936294555664 5.0
89.68980407714844 65.0
73.7474136352539 53.0
80.36254119873047 52.0
63.72296905517578 57.0
2.3150670528411865 0.0
64.39421081542969 69.0
66.74636840820312 52.0
35.55356216430664 28.0
59.63732147216797 40.0
25.938762664794922 5.0
79.07969665527344 64.0
104.72771453857422 120.0
65.66106414794922 70.0
78.70724487304688 61.0
31.51591682434082 24.0
86.5042724609375 66.0
11.416083335876465 0.0
81.26536560058594 63.0
60.446163177490234 38.0
34.213768005371094 16.0
8.445368766784668 1.0
29.445098876953125 16.0
38.92823028564453 22.0
29.51483154296875 0.0
79.2239990234375 40.0
16.401079177856445 0.0
23.848003387451172 14.0
50.22185516357422 54.0
42.20888137817383 64.0
52.99431610107422 41.0
53.76258087158203 46.0
56.02059555053711 45.0
80.53813934326172 63.0
17.001346588134766 4.0
27.79094886779785 12.0
76.4096450805664 50.0
40.10792541503906 33.0
119.63719177246094 90.0
7.416275978088379 0.0
80.71589660644531 97.0
27.095266342163086 40.0
17.779415130615234 23.0
34.69953536987305 44.0
16.503398895263672 32.0
11.748351097106934 49.0
30.58086585998535 41.0
16.34946632385254 60.0
26.265522003173828 32.0
35.37327575683594 42.0
32.09770965576172 66.0
45.93476867675781 66.0
42.422752380371094 63.0
30.315067291259766 24.0
16.602876663208008 40.0
28.01082992553711 36.0
44.8946418762207 42.0
42.834110260009766 50.0
54.63783264160156 66.0
42.29123306274414 51.0
39.198089599609375 51.0
31.831193923950195 31.0
79.42591857910156 102.0
1.3616414070129395 0.0
16.003143310546875 18.0
31.343042373657227 36.0
1.6960735321044922 0.0
6.045902252197266 20.0
48.51832962036133 66.0
61.94581985473633 83.0
30.455801010131836 14.0
17.26946449279785 19.0
15.460062980651855 17.0
11.184698104858398 9.0
39.47241973876953 31.0
10.247698783874512 5.0
29.274951934814453 39.0
93.62388610839844 94.0
28.739849090576172 37.0
40.79467010498047 68.0
17.80354881286621 26.0
33.717201232910156 37.0
12.077507019042969 0.0
0.0 0.0
17.212318420410156 24.0
60.55323028564453 83.0
43.295257568359375 63.0
14.488265991210938 4.0
43.56456756591797 51.0
25.46149444580078 37.0
0.04802907258272171 0.0
45.54242706298828 62.0
0.14124451577663422 0.0
44.90924835205078 66.0
31.568864822387695 40.0
41.324981689453125 56.0
48.34960174560547 53.0
46.02503967285156 65.0
28.484600067138672 21.0
42.7567024230957 52.0
38.14197540283203 51.0
8.955827713012695 36.0
0.0 0.0
0.281982958316803 1.0
50.37712097167969 69.0
41.907920837402344 65.0
45.41641616821289 64.0
6.8261919021606445 28.0
14.111370086669922 26.0
48.5230712890625 63.0
66.41716766357422 104.0
19.762088775634766 18.0
51.77124786376953 64.0
23.685081481933594 36.0
22.584861755371094 35.0
11.116989135742188 18.0
1.6799123287200928 14.0
16.06395721435547 13.0
89.69743347167969 96.0
9.151001930236816 9.0
26.943695068359375 34.0
42.52679443359375 68.0
32.7684326171875 45.0
30.81601905822754 32.0
43.80086898803711 62.0
48.91411590576172 52.0
55.10759735107422 63.0
75.41703033447266 117.0
1.795972228050232 0.0
0.5603303909301758 0.0
48.90777587890625 63.0
0.8713667392730713 2.0
0.4671584963798523 2.0
57.84852600097656 62.0
21.90854263305664 26.0
36.38041305541992 42.0
15.0549898147583 59.0
47.299407958984375 62.0
50.888397216796875 66.0
30.437734603881836 71.0
48.48598861694336 67.0
12.158341407775879 17.0
8.22783088684082 13.0
17.062374114990234 44.0
44.940765380859375 54.0
25.603078842163086 19.0
25.313737869262695 17.0
55.44794464111328 68.0
9.790879249572754 19.0
5.438608169555664 9.0
38.27277374267578 42.0
50.31901931762695 62.0
0.04105385020375252 0.0
5.442849636077881 2.0
48.39366912841797 56.0
9.40096378326416 15.0
44.586185455322266 52.0
54.66007614135742 47.0
39.810211181640625 51.0
33.07917785644531 41.0
24.75844955444336 45.0
54.85652160644531 61.0
1.0020370483398438 1.0
38.42625045776367 47.0
47.91492462158203 47.0
12.38768196105957 21.0
13.654995918273926 15.0
33.52207946777344 40.0
46.6519889831543 64.0
1.8300931453704834 3.0
29.982919692993164 4.0
34.741275787353516 70.0
25.784160614013672 38.0
1.6905341148376465 1.0
42.2827262878418 45.0
11.222602844238281 18.0
75.66097259521484 85.0
9.330937385559082 18.0
26.80592918395996 44.0
49.769981384277344 62.0
36.488426208496094 51.0
82.28486633300781 96.0
11.133573532104492 18.0
89.554443359375 100.0
39.599884033203125 64.0
40.181365966796875 48.0
7.09652853012085 5.0
56.16431427001953 65.0
44.630126953125 53.0
49.73501968383789 52.0
39.0382080078125 57.0
0.0010588843142613769 0.0
39.40602111816406 69.0
40.56184387207031 52.0
18.462194442749023 28.0
33.00584411621094 40.0
10.810041427612305 5.0
45.215538024902344 64.0
71.96115112304688 120.0
40.96472930908203 70.0
49.18721389770508 61.0
8.391743659973145 24.0
53.567161560058594 66.0
1.512704849243164 0.0
48.10631561279297 63.0
39.76708984375 38.0
12.546395301818848 16.0
1.1178312301635742 1.0
14.203109741210938 16.0
17.317901611328125 22.0
16.33388328552246 0.0
48.68498611450195 40.0
5.768852233886719 0.0
8.264015197753906 14.0
31.939733505249023 54.0
19.623523712158203 64.0
31.07476043701172 41.0
33.618995666503906 46.0
31.233369827270508 45.0
48.17349624633789 63.0
3.985241651535034 4.0
12.441425323486328 12.0
46.607852935791016 50.0
22.976795196533203 33.0
100.43431854248047 90.0
0.0 0.0
