inf 97.0
inf 40.0
inf 23.0
inf 44.0
inf 32.0
inf 49.0
inf 41.0
inf 60.0
inf 32.0
inf 42.0
inf 66.0
inf 66.0
inf 63.0
inf 24.0
inf 40.0
inf 36.0
inf 42.0
inf 50.0
inf 66.0
inf 51.0
inf 51.0
inf 31.0
inf 102.0
inf 0.0
inf 18.0
inf 36.0
inf 0.0
inf 20.0
inf 66.0
inf 83.0
inf 14.0
inf 19.0
inf 17.0
inf 9.0
inf 31.0
inf 5.0
inf 39.0
inf 94.0
inf 37.0
inf 68.0
inf 26.0
inf 37.0
inf 0.0
inf 0.0
inf 24.0
inf 83.0
inf 63.0
inf 4.0
inf 51.0
inf 37.0
inf 0.0
inf 62.0
inf 0.0
inf 66.0
inf 40.0
inf 56.0
inf 53.0
inf 65.0
inf 21.0
inf 52.0
inf 51.0
inf 36.0
inf 0.0
inf 1.0
inf 69.0
inf 65.0
inf 64.0
inf 28.0
inf 26.0
inf 63.0
inf 104.0
inf 18.0
inf 64.0
inf 36.0
inf 35.0
inf 18.0
inf 14.0
inf 13.0
inf 96.0
inf 9.0
inf 34.0
inf 68.0
inf 45.0
inf 32.0
inf 62.0
inf 52.0
inf 63.0
inf 117.0
inf 0.0
inf 0.0
inf 63.0
inf 2.0
inf 2.0
inf 62.0
inf 26.0
inf 42.0
inf 59.0
inf 62.0
inf 66.0
inf 71.0
inf 67.0
inf 17.0
inf 13.0
inf 44.0
inf 54.0
inf 19.0
inf 17.0
inf 68.0
inf 19.0
inf 9.0
inf 42.0
inf 62.0
inf 0.0
inf 2.0
inf 56.0
inf 15.0
inf 52.0
inf 47.0
inf 51.0
inf 41.0
inf 45.0
inf 61.0
inf 1.0
inf 47.0
inf 47.0
inf 21.0
inf 15.0
inf 40.0
inf 64.0
inf 3.0
inf 4.0
inf 70.0
inf 38.0
inf 1.0
inf 45.0
inf 18.0
inf 85.0
inf 18.0
inf 44.0
inf 62.0
inf 51.0
inf 96.0
inf 18.0
inf 100.0
inf 64.0
inf 48.0
inf 5.0
inf 65.0
inf 53.0
inf 52.0
inf 57.0
inf 0.0
inf 69.0
inf 52.0
inf 28.0
inf 40.0
inf 5.0
inf 64.0
inf 120.0
inf 70.0
inf 61.0
inf 24.0
inf 66.0
inf 0.0
inf 63.0
inf 38.0
inf 16.0
inf 1.0
inf 16.0
inf 22.0
inf 0.0
inf 40.0
inf 0.0
inf 14.0
inf 54.0
inf 64.0
inf 41.0
inf 46.0
inf 45.0
inf 63.0
inf 4.0
inf 12.0
inf 50.0
inf 33.0
inf 90.0
inf 0.0
21.9891357421875 97.0
17.28312110900879 40.0
17.508785247802734 23.0
16.843751907348633 44.0
18.154434204101562 32.0
17.88370132446289 49.0
15.598132133483887 41.0
11.702706336975098 60.0
16.87017822265625 32.0
24.22640609741211 42.0
18.77886199951172 66.0
19.962305068969727 66.0
17.798065185546875 63.0
20.57276153564453 24.0
19.915000915527344 40.0
15.978065490722656 36.0
14.714216232299805 42.0
17.272850036621094 50.0
20.56157684326172 66.0
16.167800903320312 51.0
15.77747917175293 51.0
16.06464195251465 31.0
21.497432708740234 102.0
20.576887130737305 0.0
19.534717559814453 18.0
16.81083869934082 36.0
19.364355087280273 0.0
19.909013748168945 20.0
19.145065307617188 66.0
23.622318267822266 83.0
17.706939697265625 14.0
19.533130645751953 19.0
19.60586166381836 17.0
22.970596313476562 9.0
15.628006935119629 31.0
17.240230560302734 5.0
20.738872528076172 39.0
22.609939575195312 94.0
16.01308822631836 37.0
21.497785568237305 68.0
17.615798950195312 26.0
19.444637298583984 37.0
17.35578727722168 0.0
20.31247901916504 0.0
18.955055236816406 24.0
19.48406219482422 83.0
15.219636917114258 63.0
11.078054428100586 4.0
14.899749755859375 51.0
15.953878402709961 37.0
19.952911376953125 0.0
19.033843994140625 62.0
19.978200912475586 0.0
19.954853057861328 66.0
18.068511962890625 40.0
16.041419982910156 56.0
15.17644214630127 53.0
21.675617218017578 65.0
21.774276733398438 21.0
17.309253692626953 52.0
15.016983985900879 51.0
12.647761344909668 36.0
17.5567626953125 0.0
22.723949432373047 1.0
19.84931182861328 69.0
18.058551788330078 65.0
14.948355674743652 64.0
13.634554862976074 28.0
18.896339416503906 26.0
16.440265655517578 63.0
21.03437614440918 104.0
17.621822357177734 18.0
20.052032470703125 64.0
15.445018768310547 36.0
18.8450984954834 35.0
12.606916427612305 18.0
18.93004608154297 14.0
22.660356521606445 13.0
20.825700759887695 96.0
19.683813095092773 9.0
17.497587203979492 34.0
21.22056770324707 68.0
16.506759643554688 45.0
18.35778045654297 32.0
15.730918884277344 62.0
15.506485939025879 52.0
14.529032707214355 63.0
24.114559173583984 117.0
20.888761520385742 0.0
21.85662841796875 0.0
17.022607803344727 63.0
22.63336181640625 2.0
17.06863784790039 2.0
19.787338256835938 62.0
18.99579429626465 26.0
15.94140625 42.0
11.931774139404297 59.0
15.020666122436523 62.0
21.0234375 66.0
17.25143814086914 71.0
15.234996795654297 67.0
18.027925491333008 17.0
19.17694091796875 13.0
20.830825805664062 44.0
18.382787704467773 54.0
19.42227554321289 19.0
21.244373321533203 17.0
20.614418029785156 68.0
21.029800415039062 19.0
19.33736228942871 9.0
16.752906799316406 42.0
19.22311782836914 62.0
19.4158935546875 0.0
16.012840270996094 2.0
18.208877563476562 56.0
22.204130172729492 15.0
15.45254135131836 52.0
17.91482162475586 47.0
18.10289764404297 51.0
16.45339584350586 41.0
18.03014373779297 45.0
16.438507080078125 61.0
21.959754943847656 1.0
16.300640106201172 47.0
15.532809257507324 47.0
19.74322509765625 21.0
17.27810287475586 15.0
15.601371765136719 40.0
14.730218887329102 64.0
18.988265991210938 3.0
17.186763763427734 4.0
22.450271606445312 70.0
15.890252113342285 38.0
18.978988647460938 1.0
17.631546020507812 45.0
21.609968185424805 18.0
20.831806182861328 85.0
21.677627563476562 18.0
18.26689910888672 44.0
14.457671165466309 62.0
15.254920959472656 51.0
21.412925720214844 96.0
18.828433990478516 18.0
20.50355339050293 100.0
20.03437042236328 64.0
17.02116584777832 48.0
18.08399200439453 5.0
14.65787124633789 65.0
16.890113830566406 53.0
16.4799747467041 52.0
19.7645320892334 57.0
16.246809005737305 0.0
19.795230865478516 69.0
17.452014923095703 52.0
18.960058212280273 28.0
16.063186645507812 40.0
17.468318939208984 5.0
16.44533920288086 64.0
18.059234619140625 120.0
17.187847137451172 70.0
17.77774429321289 61.0
13.026850700378418 24.0
16.30537223815918 66.0
21.893640518188477 0.0
16.0394287109375 63.0
19.204856872558594 38.0
18.594411849975586 16.0
20.256134033203125 1.0
19.312358856201172 16.0
15.754384994506836 22.0
20.275564193725586 0.0
16.356460571289062 40.0
20.422870635986328 0.0
17.80581283569336 14.0
22.378602981567383 54.0
13.058015823364258 64.0
18.209548950195312 41.0
21.021873474121094 46.0
17.27988052368164 45.0
15.256099700927734 63.0
18.649532318115234 4.0
17.701820373535156 12.0
15.622430801391602 50.0
18.790447235107422 33.0
22.04204559326172 90.0
19.67778778076172 0.0
71.31086730957031 97.0
27.404287338256836 40.0
24.90087890625 23.0
32.87139129638672 44.0
33.71329116821289 32.0
42.92044448852539 49.0
36.381980895996094 41.0
34.589881896972656 60.0
32.06182098388672 32.0
50.75390625 42.0
47.013160705566406 66.0
57.72894287109375 66.0
55.20138168334961 63.0
41.4163932800293 24.0
20.781435012817383 40.0
25.90987205505371 36.0
50.57242202758789 42.0
49.298309326171875 50.0
54.22463607788086 66.0
36.12060546875 51.0
38.942230224609375 51.0
26.0103759765625 31.0
71.90605163574219 102.0
16.525053024291992 0.0
15.43945598602295 18.0
39.50538635253906 36.0
7.536808967590332 0.0
10.581814765930176 20.0
55.5451545715332 66.0
57.087432861328125 83.0
42.971031188964844 14.0
41.25048828125 19.0
22.006311416625977 17.0
33.222557067871094 9.0
45.836700439453125 31.0
10.219633102416992 5.0
42.37082290649414 39.0
72.385498046875 94.0
33.20254135131836 37.0
45.61231994628906 68.0
23.13848876953125 26.0
36.51136016845703 37.0
40.0417366027832 0.0
19.164154052734375 0.0
19.09914779663086 24.0
52.192047119140625 83.0
49.40479278564453 63.0
35.822391510009766 4.0
41.07805633544922 51.0
39.97510528564453 37.0
13.505742073059082 0.0
59.511474609375 62.0
8.709599494934082 0.0
56.20907211303711 66.0
33.12128448486328 40.0
40.082237243652344 56.0
38.28228759765625 53.0
45.11455154418945 65.0
45.419010162353516 21.0
46.510162353515625 52.0
45.28225326538086 51.0
22.835308074951172 36.0
12.736991882324219 0.0
8.251243591308594 1.0
61.389610290527344 69.0
43.15210723876953 65.0
47.421730041503906 64.0
22.402475357055664 28.0
18.142044067382812 26.0
56.40092468261719 63.0
65.61410522460938 104.0
25.041894912719727 18.0
48.69466781616211 64.0
35.75478744506836 36.0
21.070892333984375 35.0
25.224472045898438 18.0
8.74306583404541 14.0
33.010093688964844 13.0
76.26498413085938 96.0
17.26939582824707 9.0
22.76275634765625 34.0
48.10847854614258 68.0
40.265647888183594 45.0
41.351829528808594 32.0
50.143978118896484 62.0
54.50638198852539 52.0
73.51422882080078 63.0
66.43524169921875 117.0
13.451635360717773 0.0
35.90171813964844 0.0
50.872257232666016 63.0
43.35506820678711 2.0
21.53089714050293 2.0
50.71318435668945 62.0
21.315650939941406 26.0
45.29303741455078 42.0
29.409812927246094 59.0
54.34361267089844 62.0
61.83661651611328 66.0
33.76564025878906 71.0
50.05304718017578 67.0
37.29460906982422 17.0
15.023698806762695 13.0
19.77029037475586 44.0
50.61842346191406 54.0
35.17225646972656 19.0
45.03833770751953 17.0
56.22285842895508 68.0
47.691802978515625 19.0
14.193504333496094 9.0
41.89076232910156 42.0
52.836997985839844 62.0
7.859853744506836 0.0
23.80868911743164 2.0
50.849830627441406 56.0
50.290565490722656 15.0
47.00537872314453 52.0
72.60232543945312 47.0
47.390289306640625 51.0
37.50659942626953 41.0
23.5920467376709 45.0
58.91828918457031 61.0
41.79127502441406 1.0
41.76559829711914 47.0
54.07853698730469 47.0
19.72287940979004 21.0
18.313243865966797 15.0
38.46240997314453 40.0
56.930355072021484 64.0
11.252592086791992 3.0
24.626291275024414 4.0
37.709388732910156 70.0
28.835460662841797 38.0
11.051233291625977 1.0
53.431907653808594 45.0
49.16476821899414 18.0
65.27772521972656 85.0
46.781898498535156 18.0
28.55949592590332 44.0
64.60438537597656 62.0
50.057228088378906 51.0
73.38838195800781 96.0
23.581493377685547 18.0
67.67997741699219 100.0
58.424720764160156 64.0
49.85999298095703 48.0
11.806805610656738 5.0
62.73161315917969 65.0
53.6416015625 53.0
57.106266021728516 52.0
57.755409240722656 57.0
24.00870704650879 0.0
48.83372497558594 69.0
47.45334243774414 52.0
24.590547561645508 28.0
41.44275665283203 40.0
9.197169303894043 5.0
65.95941162109375 64.0
68.35049438476562 120.0
52.46936798095703 70.0
51.01295471191406 61.0
22.894248962402344 24.0
56.57582092285156 66.0
37.516937255859375 0.0
55.32178497314453 63.0
42.234039306640625 38.0
35.12546920776367 16.0
10.575788497924805 1.0
20.883304595947266 16.0
18.83606719970703 22.0
41.89478302001953 0.0
59.322792053222656 40.0
37.45117950439453 0.0
12.461141586303711 14.0
33.484039306640625 54.0
30.477577209472656 64.0
36.471771240234375 41.0
39.82876968383789 46.0
38.817222595214844 45.0
47.960166931152344 63.0
11.178645133972168 4.0
16.799671173095703 12.0
43.79036331176758 50.0
29.31694984436035 33.0
76.55947875976562 90.0
25.508262634277344 0.0
29.996761322021484 97.0
30.938270568847656 40.0
24.86682891845703 23.0
31.63329315185547 44.0
28.283794403076172 32.0
13.190032958984375 49.0
33.33116912841797 41.0
29.64426040649414 60.0
30.029300689697266 32.0
15.622649192810059 42.0
38.284400939941406 66.0
29.737876892089844 66.0
44.943565368652344 63.0
24.529592514038086 24.0
20.47616958618164 40.0
33.588565826416016 36.0
39.01996994018555 42.0
38.62987518310547 50.0
42.94008255004883 66.0
35.10755920410156 51.0
38.05350875854492 51.0
30.06792640686035 31.0
33.72386932373047 102.0
10.500275611877441 0.0
16.285293579101562 18.0
32.076419830322266 36.0
12.784375190734863 0.0
14.13412094116211 20.0
41.1518440246582 66.0
23.844770431518555 83.0
29.102222442626953 14.0
23.43959617614746 19.0
20.17531967163086 17.0
15.331260681152344 9.0
37.57856750488281 31.0
17.944366455078125 5.0
18.617727279663086 39.0
17.68793487548828 94.0
31.9840087890625 37.0
25.32012176513672 68.0
28.073837280273438 26.0
23.94133758544922 37.0
28.75792694091797 0.0
10.314268112182617 0.0
20.86055564880371 24.0
29.932353973388672 83.0
44.89756393432617 63.0
29.08515739440918 4.0
39.356868743896484 51.0
37.26740264892578 37.0
12.940884590148926 0.0
34.105873107910156 62.0
9.301486015319824 0.0
30.245925903320312 66.0
29.862308502197266 40.0
34.72904968261719 56.0
39.0155143737793 53.0
36.600311279296875 65.0
13.561952590942383 21.0
36.44145202636719 52.0
41.628639221191406 51.0
23.687034606933594 36.0
18.908199310302734 0.0
4.071805477142334 1.0
34.20343017578125 69.0
30.482149124145508 65.0
44.73712921142578 64.0
22.303016662597656 28.0
21.709793090820312 26.0
37.68115234375 63.0
33.111656188964844 104.0
24.86232566833496 18.0
26.419246673583984 64.0
35.009490966796875 36.0
25.419708251953125 35.0
24.96845245361328 18.0
14.635869979858398 14.0
17.368410110473633 13.0
31.664907455444336 96.0
16.988624572753906 9.0
27.565887451171875 34.0
26.498844146728516 68.0
35.04217529296875 45.0
32.147552490234375 32.0
46.315547943115234 62.0
42.73331832885742 52.0
55.95450973510742 63.0
32.82487869262695 117.0
8.834796905517578 0.0
4.169946670532227 0.0
42.23761749267578 63.0
4.296318054199219 2.0
4.631169319152832 2.0
23.88279151916504 62.0
22.452808380126953 26.0
37.17871856689453 42.0
28.390872955322266 59.0
51.07539749145508 62.0
29.517866134643555 66.0
29.86965560913086 71.0
43.7811393737793 67.0
24.696678161621094 17.0
18.08674430847168 13.0
18.418106079101562 44.0
38.42980194091797 54.0
17.424402236938477 19.0
23.374927520751953 17.0
25.53005599975586 68.0
18.62195587158203 19.0
15.18930435180664 9.0
38.72154235839844 42.0
40.858604431152344 62.0
8.819589614868164 0.0
18.0633487701416 2.0
40.40102767944336 56.0
13.223819732666016 15.0
39.869873046875 52.0
38.825645446777344 47.0
37.54515075683594 51.0
34.01903533935547 41.0
25.768951416015625 45.0
49.35850524902344 61.0
5.525129318237305 1.0
35.210548400878906 47.0
40.397884368896484 47.0
18.501068115234375 21.0
20.729501724243164 15.0
34.84877395629883 40.0
47.17216491699219 64.0
13.729911804199219 3.0
26.980255126953125 4.0
23.29051971435547 70.0
33.786346435546875 38.0
15.578836441040039 1.0
38.857139587402344 45.0
16.929718017578125 18.0
28.5048885345459 85.0
16.598045349121094 18.0
27.697593688964844 44.0
51.488258361816406 62.0
43.02058792114258 51.0
31.555408477783203 96.0
22.18427276611328 18.0
30.257007598876953 100.0
31.83504867553711 64.0
38.07683563232422 48.0
19.204792022705078 5.0
51.746376037597656 65.0
39.69797897338867 53.0
42.53736114501953 52.0
31.6055908203125 57.0
4.153377056121826 0.0
29.140317916870117 69.0
36.73114776611328 52.0
23.037511825561523 28.0
35.331634521484375 40.0
17.94913101196289 5.0
49.22911834716797 64.0
43.60578918457031 120.0
35.912940979003906 70.0
40.81105422973633 61.0
24.25993537902832 24.0
45.01841735839844 66.0
7.527975082397461 0.0
47.114051818847656 63.0
25.07305908203125 38.0
23.867156982421875 16.0
9.316953659057617 1.0
19.521272659301758 16.0
25.73219108581543 22.0
17.134403228759766 0.0
37.78483581542969 40.0
15.637957572937012 0.0
19.508384704589844 14.0
29.242961883544922 54.0
26.92377471923828 64.0
32.27259063720703 41.0
33.53371810913086 46.0
33.837890625 45.0
45.96050262451172 63.0
21.551807403564453 4.0
20.65445327758789 12.0
38.813941955566406 50.0
26.820276260375977 33.0
25.456083297729492 90.0
16.731853485107422 0.0
51.482574462890625 97.0
31.723220825195312 40.0
22.566139221191406 23.0
36.038475036621094 44.0
25.46552085876465 32.0
12.095718383789062 49.0
32.07184982299805 41.0
26.039382934570312 60.0
30.630142211914062 32.0
25.844999313354492 42.0
39.63877868652344 66.0
43.04146957397461 66.0
48.37535095214844 63.0
37.103302001953125 24.0
18.962139129638672 40.0
33.33436965942383 36.0
48.61091613769531 42.0
48.587615966796875 50.0
49.45521926879883 66.0
38.8877067565918 51.0
40.81775665283203 51.0
33.18327331542969 31.0
55.41819381713867 102.0
6.305421352386475 0.0
16.068012237548828 18.0
36.0233268737793 36.0
4.0234174728393555 0.0
7.51468563079834 20.0
47.183135986328125 66.0
38.34759521484375 83.0
39.6020393371582 14.0
24.90549087524414 19.0
18.554105758666992 17.0
21.74953842163086 9.0
45.38066864013672 31.0
12.85163688659668 5.0
32.07428741455078 39.0
42.588172912597656 94.0
32.29967498779297 37.0
34.68313217163086 68.0
28.907283782958984 26.0
35.01826477050781 37.0
42.26422882080078 0.0
3.762180805206299 0.0
22.852523803710938 24.0
46.425392150878906 83.0
43.31529235839844 63.0
26.90487289428711 4.0
40.749568939208984 51.0
42.44948959350586 37.0
4.938514232635498 0.0
48.025177001953125 62.0
1.603461742401123 0.0
43.40266418457031 66.0
34.64035415649414 40.0
41.20744705200195 56.0
42.48233413696289 53.0
40.578311920166016 65.0
22.043167114257812 21.0
43.00096893310547 52.0
43.11341857910156 51.0
18.848129272460938 36.0
6.871877670288086 0.0
2.2020115852355957 1.0
52.769554138183594 69.0
40.59265899658203 65.0
42.61769104003906 64.0
18.09726333618164 28.0
23.386877059936523 26.0
50.82310104370117 63.0
55.163673400878906 104.0
24.409839630126953 18.0
42.712669372558594 64.0
37.34990310668945 36.0
24.982009887695312 35.0
23.085405349731445 18.0
5.283942222595215 14.0
24.33621597290039 13.0
58.14778137207031 96.0
10.973921775817871 9.0
28.07343292236328 34.0
37.07703399658203 68.0
34.80192947387695 45.0
36.14228820800781 32.0
46.58576202392578 62.0
49.49809265136719 52.0
57.981624603271484 63.0
49.64218521118164 117.0
6.531646251678467 0.0
3.635331630706787 0.0
45.46120071411133 63.0
3.5401928424835205 2.0
1.4868121147155762 2.0
42.436832427978516 62.0
23.689424514770508 26.0
38.291412353515625 42.0
23.91340446472168 59.0
49.44866943359375 62.0
45.28208923339844 66.0
33.50550079345703 71.0
45.42628479003906 67.0
23.242671966552734 17.0
11.949179649353027 13.0
14.770347595214844 44.0
43.16626739501953 54.0
25.570022583007812 19.0
35.717430114746094 17.0
41.699951171875 68.0
18.67502212524414 19.0
7.586883068084717 9.0
47.238365173339844 42.0
46.69580078125 62.0
1.3659772872924805 0.0
12.743043899536133 2.0
45.309425354003906 56.0
13.461892127990723 15.0
44.15785217285156 52.0
56.31561279296875 47.0
46.45301055908203 51.0
40.95354080200195 41.0
23.433246612548828 45.0
53.34785461425781 61.0
4.339838981628418 1.0
40.81800842285156 47.0
47.922550201416016 47.0
17.441675186157227 21.0
17.341516494750977 15.0
35.328155517578125 40.0
47.72229766845703 64.0
6.097082138061523 3.0
32.349708557128906 4.0
28.964723587036133 70.0
35.328208923339844 38.0
6.654596328735352 1.0
51.095611572265625 45.0
15.660184860229492 18.0
49.983421325683594 85.0
15.342972755432129 18.0
29.819149017333984 44.0
51.88658142089844 62.0
45.616966247558594 51.0
57.29800796508789 96.0
15.821557998657227 18.0
52.150020599365234 100.0
43.352691650390625 64.0
48.40465545654297 48.0
14.593250274658203 5.0
53.35533905029297 65.0
50.44183349609375 53.0
52.5461311340332 52.0
43.90724182128906 57.0
1.1693146228790283 0.0
40.719444274902344 69.0
46.09065628051758 52.0
26.048656463623047 28.0
36.459877014160156 40.0
13.125738143920898 5.0
54.333213806152344 64.0
61.48821258544922 120.0
46.85395050048828 70.0
45.588348388671875 61.0
20.606304168701172 24.0
49.484130859375 66.0
5.847748756408691 0.0
49.5209846496582 63.0
38.07496643066406 38.0
22.745361328125 16.0
4.5489068031311035 1.0
17.708209991455078 16.0
19.803634643554688 22.0
28.668060302734375 0.0
50.755287170410156 40.0
26.12129783630371 0.0
14.343914985656738 14.0
30.407400131225586 54.0
25.11123275756836 64.0
39.22193145751953 41.0
42.73797607421875 46.0
33.25281524658203 45.0
44.648399353027344 63.0
19.655916213989258 4.0
18.176244735717773 12.0
44.76919174194336 50.0
34.4472770690918 33.0
51.48208999633789 90.0
10.541170120239258 0.0
51.482574462890625 97.0
31.723220825195312 40.0
22.566139221191406 23.0
36.038475036621094 44.0
25.46552085876465 32.0
12.095718383789062 49.0
32.07184982299805 41.0
26.039382934570312 60.0
30.630142211914062 32.0
25.844999313354492 42.0
39.63877868652344 66.0
43.04146957397461 66.0
48.37535095214844 63.0
37.103302001953125 24.0
18.962139129638672 40.0
33.33436965942383 36.0
48.61091613769531 42.0
48.587615966796875 50.0
49.45521926879883 66.0
38.8877067565918 51.0
40.81775665283203 51.0
33.18327331542969 31.0
55.41819381713867 102.0
6.305421352386475 0.0
16.068012237548828 18.0
36.0233268737793 36.0
4.0234174728393555 0.0
7.51468563079834 20.0
47.183135986328125 66.0
38.34759521484375 83.0
39.6020393371582 14.0
24.90549087524414 19.0
18.554105758666992 17.0
21.74953842163086 9.0
45.38066864013672 31.0
12.85163688659668 5.0
32.07428741455078 39.0
42.588172912597656 94.0
32.29967498779297 37.0
34.68313217163086 68.0
28.907283782958984 26.0
35.01826477050781 37.0
42.26422882080078 0.0
3.762180805206299 0.0
22.852523803710938 24.0
46.425392150878906 83.0
43.31529235839844 63.0
26.90487289428711 4.0
40.749568939208984 51.0
42.44948959350586 37.0
4.938514232635498 0.0
48.025177001953125 62.0
1.603461742401123 0.0
43.40266418457031 66.0
34.64035415649414 40.0
41.20744705200195 56.0
42.48233413696289 53.0
40.578311920166016 65.0
22.043167114257812 21.0
43.00096893310547 52.0
43.11341857910156 51.0
18.848129272460938 36.0
6.871877670288086 0.0
2.2020115852355957 1.0
52.769554138183594 69.0
40.59265899658203 65.0
42.61769104003906 64.0
18.09726333618164 28.0
23.386877059936523 26.0
50.82310104370117 63.0
55.163673400878906 104.0
24.409839630126953 18.0
42.712669372558594 64.0
37.34990310668945 36.0
24.982009887695312 35.0
23.085405349731445 18.0
5.283942222595215 14.0
24.33621597290039 13.0
58.14778137207031 96.0
10.973921775817871 9.0
28.07343292236328 34.0
37.07703399658203 68.0
34.80192947387695 45.0
36.14228820800781 32.0
46.58576202392578 62.0
49.49809265136719 52.0
57.981624603271484 63.0
49.64218521118164 117.0
6.531646251678467 0.0
3.635331630706787 0.0
45.46120071411133 63.0
3.5401928424835205 2.0
1.4868121147155762 2.0
42.436832427978516 62.0
23.689424514770508 26.0
38.291412353515625 42.0
23.91340446472168 59.0
49.44866943359375 62.0
45.28208923339844 66.0
33.50550079345703 71.0
45.42628479003906 67.0
23.242671966552734 17.0
11.949179649353027 13.0
14.770347595214844 44.0
43.16626739501953 54.0
25.570022583007812 19.0
35.717430114746094 17.0
41.699951171875 68.0
18.67502212524414 19.0
7.586883068084717 9.0
47.238365173339844 42.0
46.69580078125 62.0
1.3659772872924805 0.0
12.743043899536133 2.0
45.309425354003906 56.0
13.461892127990723 15.0
44.15785217285156 52.0
56.31561279296875 47.0
46.45301055908203 51.0
40.95354080200195 41.0
23.433246612548828 45.0
53.34785461425781 61.0
4.339838981628418 1.0
40.81800842285156 47.0
47.922550201416016 47.0
17.441675186157227 21.0
17.341516494750977 15.0
35.328155517578125 40.0
47.72229766845703 64.0
6.097082138061523 3.0
32.349708557128906 4.0
28.964723587036133 70.0
35.328208923339844 38.0
6.654596328735352 1.0
51.095611572265625 45.0
15.660184860229492 18.0
49.983421325683594 85.0
15.342972755432129 18.0
29.819149017333984 44.0
51.88658142089844 62.0
45.616966247558594 51.0
57.29800796508789 96.0
15.821557998657227 18.0
52.150020599365234 100.0
43.352691650390625 64.0
48.40465545654297 48.0
14.593250274658203 5.0
53.35533905029297 65.0
50.44183349609375 53.0
52.5461311340332 52.0
43.90724182128906 57.0
1.1693146228790283 0.0
40.719444274902344 69.0
46.09065628051758 52.0
26.048656463623047 28.0
36.459877014160156 40.0
13.125738143920898 5.0
54.333213806152344 64.0
61.48821258544922 120.0
46.85395050048828 70.0
45.588348388671875 61.0
20.606304168701172 24.0
49.484130859375 66.0
5.847748756408691 0.0
49.5209846496582 63.0
38.07496643066406 38.0
22.745361328125 16.0
4.5489068031311035 1.0
17.708209991455078 16.0
19.803634643554688 22.0
28.668060302734375 0.0
50.755287170410156 40.0
26.12129783630371 0.0
14.343914985656738 14.0
30.407400131225586 54.0
25.11123275756836 64.0
39.22193145751953 41.0
42.73797607421875 46.0
33.25281524658203 45.0
44.648399353027344 63.0
19.655916213989258 4.0
18.176244735717773 12.0
44.76919174194336 50.0
34.4472770690918 33.0
51.48208999633789 90.0
10.541170120239258 0.0
